7927
2175
8476
3040
10748
10376
753
9866
3518
13351
2965
11228
12750
11183
11747
10617
14812
12737
10488
12430
4812
4758
14633
10991
3239
12020
1420
12736
11362
12612
12717
49
2038
2191
4597
5597
12645
8362
2292
4412
10942
11156
13413
5140
1204
902
826
1169
7336
1174
10961
7483
5565
565
7138
6422
14255
59
9770
10473
13465
12833
13384
816
9574
5384
4615
3896
9321
1518
10325
5258
6118
7228
5828
4023
9211
6965
7215
6004
950
6153
7268
12971
201
9369
6782
2002
4523
6384
11715
12711
5217
1868
8997
2227
12384
9637
2631
9229
11149
11270
8095
2015
642
4044
839
6266
10165
10512
14903
13906
1321
5968
13884
5728
3195
6534
14772
4269
12848
9645
9444
9792
5834
2414
6947
7294
7292
9108
1084
11090
4696
7996
954
798
4739
14053
11114
10738
11249
10219
5727
9353
9908
6039
7113
12641
7001
13687
11093
7164
5118
10977
1656
8663
5898
13627
4238
7521
13837
357
11486
8611
3202
10801
6662
11043
10038
14376
2716
5783
8422
8371
6100
13252
6933
9902
8536
4104
8703
5115
11990
11863
11701
5233
10743
5664
14869
12370
9056
652
2888
14156
4461
13580
13386
8070
12009
9187
5102
9095
14537
10368
13123
6322
2278
5289
6131
13665
3513
2340
9789
11627
5237
8228
1276
13143
1449
1895
8415
10244
8534
6712
3542
11161
10703
13483
9538
11509
8713
4168
2441
8134
1681
5227
9653
6667
14486
3822
13278
9336
10869
12795
9097
7904
12315
6140
2172
10917
5919
917
3141
2917
3561
12166
2569
10810
3106
3626
7302
2746
14254
4587
11576
4716
5304
10401
14970
3005
6283
7359
16
13607
20
14693
14883
5324
12552
13035
6027
4282
7765
13566
4452
4570
617
2440
10097
6471
5800
5545
6501
11515
14065
6747
7696
4038
5671
4953
3586
12094
781
9280
13554
7433
149
14944
8206
3102
1683
2337
1832
675
11928
10067
4213
8170
14750
1797
4150
8845
2603
376
13396
2228
10762
10011
9537
7581
13377
11904
876
303
11676
924
7822
14756
7247
9571
6237
6537
14420
4773
12164
7166
11590
9257
5205
664
6488
14675
185
5468
10344
5339
3435
12231
11074
7315
3286
10158
5101
6847
3437
4198
1398
5926
7301
4486
6659
9928
795
13473
13018
11119
8357
10996
11182
2478
5852
803
8432
12866
10587
13888
850
7666
7203
1898
8994
11066
3934
9409
7470
13415
3718
12238
4672
3291
7511
13869
5958
12751
9207
5670
2556
13816
14300
13472
3747
12158
4054
21
9399
5049
3115
1702
6080
4211
4334
6523
11283
13418
12933
1765
10585
11488
2577
10667
4540
3060
8449
2518
80
4846
6396
1396
9648
2024
3004
9885
9746
4015
491
9941
3875
11987
3608
2786
8394
11175
9348
13435
14780
2930
13701
10133
1392
11117
13033
4450
13531
4518
4646
5559
621
4600
7198
14580
13807
8808
4249
5780
5331
9799
1205
10166
5112
7074
8481
13262
12768
10278
649
13684
5533
1979
2810
10232
8932
9071
14459
2275
4526
8127
7329
11697
4798
186
14261
10845
4942
13370
4294
3358
4725
14863
14128
4579
7886
551
2512
468
6944
12154
8828
9519
5538
3981
11658
10064
6315
10785
13855
8734
3008
13400
133
9236
9014
8290
13775
9131
7753
189
6980
2599
7358
12923
11483
13573
9319
9438
12906
14508
9914
7527
7016
8861
4817
1247
11073
4534
9610
7692
12402
13046
626
7020
5737
10343
12039
14426
12853
727
9572
10001
6213
10196
2368
9863
6212
11549
7535
8024
14469
1688
11551
14638
4308
9035
9745
10462
9046
14259
14909
388
1551
2708
5562
2272
6674
14861
5166
10213
1399
13333
426
9209
2472
14832
13507
4229
7537
11733
11321
4477
11732
11699
5462
2354
9212
2053
5520
7817
6302
13849
7712
14520
12197
5319
11636
1106
4832
12558
2521
14236
462
1048
13517
2830
1117
3193
9026
9306
8707
14047
3017
14375
3773
6785
10697
14890
10599
2703
2617
2552
10789
7224
8097
1723
8795
3089
2548
7435
6420
10856
12510
9827
14269
6686
4945
1050
7348
691
14069
9080
13945
11823
14222
2049
9139
7140
7832
10326
8247
11923
3061
3104
5868
6552
14709
10442
14835
1057
4392
7155
853
10036
3719
10081
10315
14230
10706
4530
2290
12421
1594
14839
12504
1803
4273
4881
8030
11016
7361
7951
8346
3814
5377
2358
13373
12403
2763
3750
10806
7036
9851
5567
9292
2457
713
14231
8154
4110
7743
10438
10841
165
14105
7133
6048
8935
6320
14536
10078
7619
13534
7367
2502
4938
1200
14717
4237
13301
9048
1915
10056
14885
4195
162
4449
1900
5967
11047
14458
5846
10419
1369
12837
7970
11724
5111
14061
3647
8961
13169
10842
9756
9069
3149
4710
10693
4321
9818
9561
4055
6720
7341
6867
5433
5692
14571
309
11071
1807
8788
2352
1252
4010
5406
12460
897
7085
5862
13138
8201
13056
9496
3820
5337
331
11775
7326
3001
6222
11518
4676
1981
6637
1166
13167
7691
6819
6223
2507
2726
3529
836
11274
5875
8114
7031
6411
14326
5374
10669
1337
11310
4767
4152
6323
5333
10892
12265
11341
7073
14052
8364
10590
1231
10477
412
1180
8594
5932
5138
14045
3956
7445
1578
7058
7766
3816
2096
5238
4311
9699
10862
14042
5134
14696
11976
7880
6610
2097
3924
7054
117
285
13832
6141
14582
14588
6685
5517
9315
6135
5706
12628
3032
10500
9210
4171
13815
9293
14678
12429
3538
6689
10972
65
1873
1416
10347
5492
7477
6734
271
7101
2342
9845
12945
8473
3421
14245
3494
14187
4761
11527
874
6498
7852
13707
13757
7731
7209
7499
2270
19
2710
3082
339
4731
106
11900
695
1906
10328
14708
454
2035
3880
2579
12615
11969
7217
11925
5600
132
8812
11506
4663
9980
5933
10034
9835
10763
12014
14031
12708
2115
7160
4454
5471
12103
1334
13219
4242
1081
8267
1847
8340
1341
361
696
935
7738
9781
11420
3233
13503
13292
11836
9985
10954
1947
10363
10483
6722
467
2959
3983
684
8872
13597
10443
6952
14120
810
8145
11432
9013
11983
13187
12356
10901
14473
4124
10026
13716
8786
12427
9062
6593
8224
3852
2632
5368
9015
14189
3947
1465
4356
3940
8435
5916
5927
4235
12620
10275
5745
3241
5410
9051
5321
2970
3189
1222
122
5551
8848
10521
12452
4759
3877
9126
4572
13137
2323
4939
5938
2297
12024
13111
6082
11402
9199
2573
1058
11548
5703
10835
9148
1409
2522
9671
3952
2317
7855
11689
4535
4080
2111
9436
13343
7995
4179
7334
5995
14528
6402
1067
4488
8783
7703
7748
3573
5971
11831
12810
8993
14667
7454
2666
7656
8918
3920
1299
31
1651
14641
2367
5501
8901
500
8176
3339
200
11179
995
11058
6700
14946
11481
2654
9004
56
14688
1356
11316
440
3016
10018
8925
5941
12023
6842
13818
11407
12637
9450
2939
10527
880
1300
3754
6464
1136
10750
295
10603
10642
14043
5663
11191
10345
1256
3537
6678
8719
2287
11378
4467
13874
1929
11958
12718
5970
2202
4757
9771
2084
14032
6218
3843
7721
9363
1008
10340
14437
10415
11349
8069
10773
8255
12251
987
13448
12868
4138
287
5554
12118
6718
3423
648
10051
13329
1650
13401
1220
11201
7099
384
2005
8265
4406
9614
2561
2477
10555
543
7401
11103
563
7210
9883
1667
9862
9259
6727
66
8479
11232
13392
3547
12622
7714
4593
9665
4096
1393
6427
5839
11995
12413
746
6452
8314
1502
2524
2180
8599
8050
14629
7650
5391
13221
8679
4481
3208
14066
184
5371
5161
11566
12759
12911
2439
12298
3979
14601
1516
3890
10178
3725
6439
13610
8001
637
3123
7848
7220
7925
2831
3321
9761
5835
14993
14448
1031
1089
447
7204
7958
10403
6757
5614
14563
14823
4964
680
252
9297
12901
89
1486
7759
12098
7450
3288
9311
9479
7762
3380
6821
6905
4677
8672
4662
9524
786
142
4314
6843
9470
10025
6650
10627
11487
8233
10985
14311
7478
2651
6340
904
5355
2468
1182
3527
14668
8429
894
14721
178
5695
10501
10557
6393
5054
10715
12790
8089
941
11013
12804
12879
9261
3676
5987
765
14468
1863
3020
3864
1266
4889
12090
5078
10518
12083
8373
12359
12772
3578
1633
9063
2504
105
2865
5992
8121
9587
7431
8737
2058
1520
12469
4
11272
8555
9723
2004
10563
2240
6530
7312
9295
12873
14930
5983
13560
4702
1272
5579
14354
4622
4589
319
5942
4157
593
6412
2529
4963
14593
9286
7941
11456
3391
244
5752
13677
10180
3374
307
14505
10425
8791
4527
4270
8623
3333
8108
5522
494
2246
3121
8793
4679
6059
5991
1314
9930
870
14713
5814
10766
13600
11560
10400
12733
4290
5198
2052
5158
11303
13097
1533
3862
13756
3232
9674
3828
1849
13540
1867
13102
3448
13504
10554
2279
12908
14344
763
14251
7030
11358
12820
1706
14051
2951
13743
7680
13774
4650
397
12752
14202
4601
9039
13883
10371
11696
8665
10782
5655
69
5122
10868
5477
8871
11956
1531
6813
6575
2802
4151
13280
12940
5001
2181
10150
9405
3277
5588
473
5342
12992
12400
63
9192
7399
13314
12475
9922
4000
125
8957
9651
8037
13366
389
6112
13744
9939
8198
10290
305
974
6736
2982
7826
5851
9612
1444
12617
9810
9028
13717
13049
11263
12106
8186
4072
1666
3845
11144
9136
9751
12684
3571
3923
6973
6673
7843
14808
2
13073
5156
8702
10221
5056
9659
7607
5149
11780
3628
4098
127
9717
3811
7015
7608
4007
3652
4262
5128
5510
14472
9907
14374
8911
14384
2592
13548
10338
11702
7750
6172
11845
11835
9221
9386
11401
13739
2907
1054
13410
9250
12653
8619
1360
13817
10143
2863
8755
8616
2607
12382
4115
8774
945
423
14023
3446
1132
2664
7051
6566
286
12855
5583
8377
10833
10436
8401
3942
3833
8360
12691
7805
1037
3196
12755
7613
5388
13518
14041
3413
3673
5019
13847
12414
6738
12312
11384
4155
2484
10908
7502
13053
6305
10135
10433
5435
1842
7174
3302
7019
9150
2984
2110
2008
1153
13055
3400
4303
9918
6852
3536
8010
5473
12182
10021
13186
4281
11989
10919
10779
10484
12547
332
2379
14064
12176
12195
9116
6235
1812
12944
8758
8869
6499
2649
8574
6415
8760
539
8857
9545
5308
3741
2302
3009
9715
1474
5487
1384
10591
13555
4668
9231
2182
5476
9768
4205
131
6719
1727
14672
8790
12105
14315
4592
831
7563
12036
5656
9843
10894
9143
7754
13630
7179
3088
13114
2470
12747
9255
8285
7598
9654
6476
13236
14509
10076
11797
1616
2417
9521
7525
2652
4373
7793
11737
9298
556
857
6832
8784
14659
1726
10565
977
4117
13464
2029
7632
14754
7351
4496
8444
2078
3665
6617
3210
13304
1514
6361
1371
218
2733
6956
1017
7653
13958
10306
8805
8026
354
7253
13822
2825
2356
3926
390
7038
13311
10918
3526
9905
4446
1046
12864
14626
11939
3440
4735
9759
13893
11276
4577
11240
2185
11080
9300
10626
3406
12480
4972
1866
7176
14096
5326
9670
12117
4746
1691
5686
4849
5346
4687
11439
844
5033
3014
5640
9417
9115
12396
2945
9983
3557
3362
11729
3945
7048
13170
6410
13994
12021
14442
13637
1475
12898
8810
8268
4674
9913
10639
7462
11150
11409
14434
10042
11626
8563
6409
5626
6691
1345
8347
12075
13093
4175
739
8383
1049
68
10963
2975
1165
4936
5819
9779
9077
12823
6514
5753
3687
14564
9841
2225
5511
1950
3863
8968
7736
8071
5202
14977
5743
12262
1100
1352
13839
11033
8329
5519
2934
10430
2346
4006
5350
8023
6788
10679
14699
2057
10802
9294
13353
8260
6348
5470
7377
9003
11357
1350
12411
6279
12963
5362
5023
3164
10458
2330
11413
11898
8806
4176
8439
2459
3054
13158
9564
8976
14036
356
2699
450
10212
4782
9864
9193
3243
1806
1725
8163
3757
12292
12459
10793
2937
10113
10495
13714
2229
13523
1303
9535
4822
2757
2173
2010
13144
3345
13852
5044
12456
10548
10735
3269
4795
9505
14704
2646
2016
14824
505
5390
813
1135
2007
7526
12404
5859
8867
3180
6170
8824
12571
7270
4961
12162
2772
2910
9252
10377
12627
50
8681
14292
3574
13017
5841
6110
14871
7413
2851
12368
6943
2021
9213
3393
8168
6333
778
7950
2025
2353
12785
148
6161
7597
11170
12574
7803
4808
6745
4750
8712
3314
8860
3496
5329
5413
1661
8927
9234
1618
2107
14220
8972
14309
6502
6874
13702
10186
9291
13561
12275
6724
6002
10944
345
8998
5363
12269
11806
9335
9533
9924
11097
2321
343
13197
2895
8780
13439
4288
8593
7255
12815
1419
358
2767
3735
7954
13728
812
14733
13532
1196
11184
9472
14530
4786
6742
6735
13308
14200
13979
3068
2976
1988
5765
1201
3585
6739
1097
6347
3755
13972
13838
5817
3953
8586
3954
6966
11979
13584
1494
12053
4940
1113
13913
2381
2489
12632
14362
903
14018
6682
6188
12407
1562
4969
14496
5099
12233
160
1985
4219
9163
229
2085
1825
10668
5603
12367
2167
13177
9271
13096
13681
8433
5404
7298
14410
10823
4726
6234
8671
1597
2923
9603
1896
3010
3602
14327
14310
10770
4809
6744
7279
1078
1343
7922
4069
11751
13064
14030
4186
9151
630
8428
4306
13217
14484
1167
1436
1815
9161
8188
11134
1056
9523
6113
7730
7171
6728
415
9049
12278
4291
8958
10764
11842
3071
14207
3551
3310
13106
1728
11193
8648
14499
1152
11657
10973
1858
2925
2320
4051
5881
460
12845
13812
3528
6934
10820
11197
13360
14138
13672
7659
8637
11110
28
371
9580
5869
5293
10544
1923
13613
12680
989
559
11089
7493
1731
3621
13109
12369
14698
9283
2682
7342
8076
7091
5211
1372
9006
1942
6988
1353
14600
6578
11570
1964
11808
841
88
12172
4185
8947
9814
9802
6290
8530
14225
472
12063
7975
2687
14965
11510
9410
10063
5148
7207
9485
6287
9468
5877
2239
13104
7261
14025
477
9327
1098
10386
14197
11855
7933
2093
1820
2551
7815
14978
4018
7426
3936
8878
931
3334
11000
7332
11564
11497
221
2465
8639
2669
3053
1459
74
11524
10753
4950
14796
11437
1598
9833
9230
12214
12438
12218
5446
9322
13417
1161
8213
12760
2201
12765
8686
5025
12731
14101
2192
5314
139
7265
3296
1559
591
4142
8028
11015
9724
11391
14798
2911
4655
10536
13895
4552
1438
13845
11123
7635
12539
13243
7516
3052
12425
10022
11765
1649
3236
11018
5379
12249
7938
11869
474
6942
11355
13914
13926
8448
12601
8587
9000
1663
5789
1047
14014
10540
4410
12089
3493
3659
10009
10029
11339
3057
3292
1391
11433
6210
5027
3702
8060
4046
10145
14109
10370
10168
5690
6672
7940
1724
11466
5450
11876
10553
5774
8818
11771
8472
2933
4800
2545
11651
9783
9949
13026
12115
5121
14670
4345
9345
12654
2430
869
991
1088
1646
13653
11899
13355
6998
9340
11811
9936
3693
1271
3713
6157
7362
11954
7544
5080
13476
1279
6174
3778
550
5566
6538
7126
1498
6186
2650
8714
9288
14710
1758
12242
10387
2954
8722
532
13593
4911
5075
8397
9254
10938
311
2636
4671
13617
3611
5282
9182
13391
6298
12827
7382
3452
6818
10356
10965
12050
5484
92
3844
8851
12401
6576
1800
11050
4056
9727
236
3563
10878
1687
3688
12476
5654
8838
11301
14038
12374
4149
11572
427
14727
7441
4913
3450
8746
8068
5229
6299
6122
12515
13538
1496
12213
3813
13284
5223
11635
2378
9055
755
3787
2576
13438
9517
11525
9487
13300
3484
306
3512
13858
10330
2083
13492
4394
3612
14718
7169
6190
3134
11421
6481
13188
5234
13698
14494
14129
13525
13553
12461
8923
5701
913
14029
1468
6491
4256
4078
7243
2814
10562
4108
7847
8977
8171
11938
9967
9343
4487
10453
2742
12286
4949
3792
8351
5255
14589
8262
13443
4215
9491
2789
4447
10086
5007
11681
10921
2637
7103
4236
255
143
13510
2787
158
2714
8906
2387
9720
272
13463
8178
6214
9334
261
9629
14363
6619
8529
5016
515
11224
8008
14404
1281
629
9082
14639
12532
12068
8491
12850
12668
7420
8087
6584
6918
12867
6756
1729
1549
10284
10934
10832
8221
4931
234
8274
2829
10476
348
3231
8190
4906
7009
11886
2705
8618
14752
14561
14896
2980
7994
883
2536
6969
13077
9952
14298
1310
4053
10907
8160
5943
13897
2630
373
11740
6337
3179
9855
13668
8907
8467
13948
6614
10966
10125
8613
8883
6017
8562
6663
3000
5464
8235
12099
14345
11949
3151
13826
9531
557
8419
14959
5260
7186
9956
58
4003
9728
2706
2758
8184
13341
10598
5365
2238
12828
10277
6217
3397
2425
10756
1532
4720
7888
10663
1382
534
9274
13107
4326
3244
5830
8257
14652
14002
10752
4514
5740
9837
1142
2806
11789
12272
11597
12738
10354
463
9872
3138
11386
7184
2017
2773
2325
3363
5700
2206
7052
6746
7821
13960
1737
9793
365
13830
14115
10351
1668
60
11531
11875
13983
9785
9829
13925
1603
3662
11459
644
10342
6951
3324
5960
2253
6560
4418
5499
7532
9634
5376
6598
1080
7503
11092
9469
5495
10252
8881
11669
9708
1274
912
323
3093
2343
8427
10057
11787
1359
10289
6520
12160
157
988
10936
10115
362
3144
2310
11710
8843
4203
2966
10375
12793
14176
11924
7760
13753
10690
7556
11398
4141
11529
3556
12965
6750
14293
3505
11387
524
8072
13336
14360
4621
10989
1029
11140
8344
13125
279
5398
4529
9326
7560
12296
14739
7566
12065
12816
10084
7286
8547
9772
13220
7078
10578
7898
12150
3893
12294
4934
5948
5372
14806
3691
14092
4493
9801
5269
3458
223
6771
8512
1183
13268
3338
3113
3514
14076
3644
13776
4389
8128
8832
11446
959
3854
12146
278
11585
5429
8777
12998
2844
13785
9376
12625
1699
10653
14595
8502
12408
12343
7323
1541
6752
103
7272
6500
7407
14246
5679
3596
14719
14610
3349
6326
1553
9673
14786
4678
5305
4602
3927
12420
4199
14016
2554
12582
4443
8005
11318
14729
13567
11209
169
7962
1755
3455
1757
6229
10577
10998
11250
7218
1020
6621
8919
8553
5931
7713
7146
740
5754
7674
10575
12649
11868
7289
3270
1619
14785
10955
11716
6960
8926
499
2126
10767
5665
2294
7825
1403
650
13367
3022
1535
12383
2324
14394
517
12380
13991
4524
428
11820
10994
3332
14303
527
14730
10447
12744
14351
1108
12650
8073
1405
13742
661
9730
7495
430
11215
5555
13337
8113
8882
13796
4374
5912
9290
7459
7768
372
442
2162
6038
8624
5327
11523
4351
3168
11934
5040
3069
8133
997
7572
612
7170
6177
2372
96
3378
14057
6168
2540
13216
13947
7004
6625
698
6910
8850
5678
8378
11744
11602
13010
14167
101
7757
14524
4178
11609
5397
11280
4076
10654
6908
4474
13086
6404
10608
5544
1517
7726
14558
2898
13070
448
9927
3760
12317
3049
14673
4042
10314
1917
13873
5582
4519
3636
13071
7955
3832
6512
8995
3055
1608
4305
7416
457
8820
9279
1902
3453
8856
12279
8847
452
8358
4468
4214
3498
4402
11167
13411
4774
6081
8580
13961
9605
3184
3677
10141
12120
8067
12563
5688
13266
12060
12184
12412
8420
6995
3047
5226
11895
2481
7458
11351
4658
4882
14849
5460
2013
9536
1882
1625
14596
3653
13045
14127
12767
10860
9514
9490
3488
12067
7948
13455
13062
7697
10538
5396
984
11659
5214
14330
3784
11786
12064
1212
3405
7106
1636
7295
11462
10218
14095
3190
2736
4709
9053
6518
12784
2597
14383
11392
7148
2220
4551
4859
12450
9401
13381
3998
6837
12193
7305
13736
12926
5272
8319
927
6484
10665
12194
8034
3825
8130
6716
8254
11906
10445
13298
5281
1061
631
6517
5419
9705
506
3502
1913
9946
3171
11498
8633
3599
4918
10931
12353
12027
1233
10264
2120
10350
11291
1746
9988
1776
2724
9073
2249
1512
13251
10530
9344
12330
12443
3222
13271
9881
11241
6189
3707
13406
13596
5791
12464
4594
4383
7676
823
12416
13253
8104
432
5962
11736
7037
9529
1888
10926
13556
8426
8494
1593
1736
5491
81
6783
10069
9475
2401
7510
10531
3812
14856
6307
12486
2653
6399
5796
4796
596
5540
1774
1872
12379
12253
682
2505
14241
5994
8666
962
13349
7093
14277
4424
12902
13976
12851
7278
1016
13704
13811
5892
2849
7889
6753
6295
10746
13423
2808
3642
6513
12877
990
3191
13987
3842
9766
6055
34
7522
9926
587
2054
8631
6074
4423
13797
5733
11315
12946
537
7622
10095
2092
4286
10510
6925
13150
10379
11926
9934
14818
9693
11027
363
3661
2805
12527
9307
13419
6373
1955
4836
1778
3395
3967
13420
10117
11901
6953
14324
8022
12947
13928
2435
13724
659
4722
8698
702
12112
13649
9011
13155
6096
5925
4027
7050
8591
8621
10712
14594
12385
14158
1960
14621
3377
10006
14836
4301
11335
2838
5974
9586
1581
5584
6255
10824
10159
8595
9726
11713
424
3795
4610
8167
6389
4965
7926
8048
14452
2068
13427
10089
9356
1911
6892
11584
3976
6516
12572
9534
6800
6046
12248
13209
8172
7023
2740
5618
14545
13043
714
6526
7475
3584
12825
8264
3808
4052
7961
4983
13495
3698
9684
14661
2547
14054
5556
1476
7923
13524
11389
14612
14957
11917
1658
14050
1313
6272
1235
256
6679
6984
6051
14288
7392
5449
11441
3872
14389
7500
109
10208
8816
14104
10607
9702
6104
2600
10044
1185
8376
11543
7330
796
8764
2684
4216
1671
5465
2896
12705
12186
7835
7448
11807
14390
12243
11279
7187
12609
3147
5997
1749
11010
11126
7469
14933
8963
11311
14475
4143
846
13950
5702
12447
14425
2305
11320
7626
2412
8533
9412
6833
10684
7205
8627
382
14296
1695
5294
13842
2133
2550
14845
797
12518
12966
3765
3323
13099
7239
1560
7464
6948
10122
14728
10499
4251
9081
13541
970
5024
1260
14238
14828
12477
7124
471
12863
12551
7318
3387
11643
6836
10402
11826
3739
4162
9722
2241
7144
11936
2369
14677
6958
8162
12178
6206
5208
8576
4416
14174
6740
7177
4744
14493
4025
7839
3692
9439
5715
8904
12163
7482
3689
11595
9656
2020
14000
2276
9407
13683
9877
11660
14136
7545
8421
9045
10492
12149
8733
8259
6126
9135
10474
14937
6447
7313
14608
10090
6709
10237
9869
11096
1879
2036
10945
4504
2403
9177
6890
498
6417
8896
4707
8232
2721
11999
12811
14155
243
1735
9358
9403
8399
11035
6802
3309
3420
12424
3711
8736
13569
1990
11088
9240
14402
13568
9594
5729
13457
1102
11554
3475
9268
13944
11867
11587
5060
8179
11649
3675
6093
4116
8367
10849
6111
7873
9239
12981
3130
6317
3033
14770
7089
4264
509
8352
5119
11794
7998
635
574
7394
12662
3078
12723
14082
8785
129
14352
14602
585
5015
11019
9626
3960
9816
12181
9489
2720
2638
12913
4391
1307
6976
7724
9619
11037
3169
10094
11136
4764
4145
11642
10459
11210
13844
8756
12096
9
6370
7053
13116
5955
3738
82
5808
4912
9522
4868
10074
1550
4652
4851
8829
8505
11700
8754
11008
2663
1907
5767
4951
2139
10539
6825
13662
5051
12177
11722
7356
13393
4061
13008
4792
12441
7352
3500
1711
3108
8334
9858
2079
8834
701
6416
10286
7861
1141
731
4896
11239
12074
13598
10189
5529
13768
6179
11370
4123
14768
4595
163
9332
13720
1219
12646
11940
1931
8304
12590
401
2696
10611
9339
11686
2157
7027
13134
11328
14342
12914
4583
555
10140
6435
5287
14118
2371
4574
3796
6615
9443
13013
5959
3116
224
12006
699
1739
7056
94
8607
13402
7871
9679
4289
2681
11625
4106
7684
807
12392
5918
10023
1904
9383
12013
2069
7388
2877
7997
7883
12754
11735
12306
681
14218
1
14943
4721
639
7989
3618
7406
8065
11319
949
14604
7494
9037
12681
10897
11290
6316
9887
8718
4778
3359
13514
1193
6893
5637
2991
2089
2421
10333
3805
11621
7422
2906
9736
13969
7591
11282
674
893
179
14242
12727
10162
11296
12362
1791
14219
455
13409
13459
11677
9382
1077
11528
2788
915
2864
10176
518
13820
14013
8944
14141
5485
1261
7609
9892
13697
8406
2662
5647
1570
4048
13678
11773
12005
8463
2345
9548
13670
3122
8567
1455
9419
6205
4364
14221
4492
700
10971
1779
2315
770
11908
5018
9302
14789
7901
1083
1066
8890
7824
6479
6364
11718
8341
5617
5012
11984
13777
13178
12415
7860
10130
10263
6799
14792
1368
1933
14480
3799
2032
13780
3785
276
1499
9544
2376
5059
10498
12536
1946
6466
6127
6312
8708
11517
6729
6069
13477
9940
11662
13124
301
8682
1641
8727
14766
2928
7530
2731
6589
7882
6838
14171
3137
3744
8636
766
6633
13362
8143
11246
11837
8417
406
12285
10755
11365
842
7885
5940
7317
8800
8588
14015
8451
14736
567
3199
11931
2109
3823
10450
3235
4144
12199
62
9058
12418
8794
3473
8688
6058
14855
3242
1213
2274
4954
2132
4159
7856
4097
11726
7343
2839
6137
188
13682
11680
3351
13783
5804
10721
11031
8318
5710
9731
6105
14618
11871
9832
2709
3326
5480
4369
4996
12046
8431
3931
2462
8704
10799
4386
2334
8773
7115
14515
4404
3368
2237
10035
2218
1484
13061
1615
7288
6781
3671
5427
11638
9886
2482
11101
2374
13030
9986
12535
13968
7612
12128
360
5482
8303
10761
12363
4573
9511
6623
6895
7321
10680
12340
13576
9970
4140
9276
8263
11682
4066
5781
13006
2461
2857
11539
1216
8974
2509
6909
1548
11639
14244
10757
2765
13940
10837
8522
9713
9038
11796
2219
5091
13582
13949
10079
13031
4967
5309
13709
12949
11547
9361
5578
4977
501
9171
1547
1003
1741
1999
9476
4659
12008
2613
11628
12284
11933
11399
8325
9591
958
14210
3635
10301
3603
9947
14428
9260
11337
2901
8855
663
3457
919
4606
7273
10807
7129
11674
2732
7424
2311
14844
5312
1021
14690
3478
13115
1206
2974
1395
12514
2990
13624
4769
2073
9867
13151
875
3992
12507
12938
10243
13723
10699
13004
2169
706
351
14951
10813
1997
12087
1410
6151
863
7154
11972
1830
1653
7013
9167
4626
1813
10015
11422
8487
11166
11242
11838
9447
14506
14175
2022
2309
10922
3118
3903
12144
2409
3620
8876
10258
9484
1447
4258
10334
4612
6291
3445
11617
492
1962
14177
10358
4510
1418
14720
9509
13241
11611
12435
4947
1674
3096
6992
604
44
3128
3641
6310
2257
11859
7094
10231
11833
4617
10786
2981
3318
7627
3829
11040
3997
9800
6945
11067
4082
8336
14074
8244
7972
4498
14644
10817
6180
2780
6095
3085
11848
9296
12939
2677
8776
7908
14325
6521
2971
14714
12896
6989
115
10494
2730
2616
535
4664
769
854
11606
7262
11475
12745
2443
2985
5451
14107
12170
1068
7065
12630
12720
3809
7105
7280
3275
11127
14463
13024
13294
5454
5181
9853
438
8416
10331
13398
8220
12351
12455
6999
13505
3806
9790
2072
13631
5127
6268
5093
9568
845
7678
4427
8921
8323
3943
8196
8677
1970
4633
11516
11480
1064
3375
12016
4122
13309
13321
7306
11998
6870
12465
8744
1176
4067
3660
14291
624
1869
14122
2207
13378
13966
1835
14879
13462
12801
14316
12245
420
14932
4228
4395
4755
1443
13200
12977
6731
8288
11757
13809
3415
4158
2288
14904
9650
6670
8381
11799
11159
5197
14660
3037
6465
12886
7110
5020
6437
6654
12250
10776
7134
3396
9007
419
12934
6329
11062
3048
14897
416
5204
5153
5177
7833
11573
4837
6022
2208
3411
6699
14421
6664
8937
1977
3898
4131
14212
2812
14287
2938
11478
11568
6394
8660
976
9265
14738
1903
10105
1362
12584
1287
2326
1843
964
71
1292
7734
1454
1784
14572
11385
10341
9546
14811
1342
11693
8836
2361
622
3131
14090
10605
14113
2902
11653
12313
10852
3011
7604
5902
308
3870
4283
7603
7533
14205
7932
6971
7681
2503
6219
530
12600
5747
8518
5900
4479
4748
5539
5145
6505
3407
11902
12962
8752
13494
5035
9425
12211
3974
4824
5521
90
242
7308
14865
6555
7066
5525
6963
12376
7903
2874
2087
13787
12390
3614
7869
720
10928
817
5508
6986
6440
4541
10154
7206
3258
6335
6019
10910
11060
11084
8316
6408
961
14449
2273
11668
4397
5481
5598
628
5459
5646
5096
3530
9750
3175
12354
5820
14948
2774
10889
4780
3342
11712
4656
1564
14063
11443
3182
8684
13441
5432
908
9093
6031
13813
13848
5061
6433
9615
9141
6400
1935
10226
12883
6949
4543
3968
13887
11285
7069
6957
7340
11377
11212
2375
11122
1190
8309
3849
6916
11559
10250
10899
3850
5956
4654
13860
2455
8779
5526
3012
12091
2998
9765
8057
6549
5785
9125
9743
14099
1431
8501
78
3390
10405
12492
14568
175
7814
10857
3143
5885
6873
3853
6573
7379
12240
7991
12302
7121
11785
910
3703
13288
7819
13718
3215
8090
12534
9694
3159
9390
14117
2506
2624
9954
5901
8115
7008
13098
7385
3492
6631
4103
8384
11633
1647
7531
9226
14998
14585
23
4546
11434
10271
11395
6165
8018
12100
5909
8609
735
11993
929
11269
13892
3623
11211
3994
14357
647
3100
13091
6620
405
7353
5437
6231
11963
4255
3965
1415
2163
11410
13654
14576
12051
12345
9408
5088
4631
891
3835
7542
12757
8238
11615
5512
3654
13475
7574
3658
14297
8136
8489
6201
1291
3120
9889
4935
12964
9002
4538
9690
1340
1992
11162
12331
3207
8041
489
4604
2291
10385
11802
3944
9133
4165
3919
2313
3797
10197
7487
2075
8094
2044
13242
8370
3519
9734
8301
14628
4490
12980
11809
5708
2614
7911
13734
2233
13652
3352
4692
13931
14573
6084
8135
5564
14532
14814
9415
6878
3140
13758
11194
52
12471
8464
3250
8038
2475
9520
5207
6792
5594
13642
9678
6367
7877
6982
6887
13283
11287
8509
9776
10276
11655
8242
8459
2595
4126
7838
3646
11064
1377
349
7841
2827
5855
514
4927
8692
11530
4974
848
10307
1969
3466
8578
944
8457
6907
4830
12511
9978
5440
14443
14119
10456
11382
207
9359
1599
2718
10491
6571
12897
55
10768
5276
11352
10568
4790
12844
6755
5200
10967
9882
11746
2537
9817
13866
12832
751
2308
3743
12133
5535
8126
263
6591
1226
14405
6390
11295
11670
730
10093
6313
2386
994
6541
4542
6054
12936
6574
413
1022
1156
3205
13638
11654
11959
4268
1522
3682
13656
10941
124
8256
11360
1890
14895
1883
13414
11438
1448
13228
10472
2873
104
791
12777
7275
12207
3259
3569
6636
8225
9088
2269
9184
10364
8612
3479
1690
967
14398
3336
5425
867
3238
11714
7439
11098
13425
3699
10245
12299
11571
374
10269
10361
13205
3133
14938
7098
11222
6798
4105
3329
1771
9898
2426
11666
2702
2268
9206
7840
14385
9997
10181
8155
10139
14491
10236
2803
13889
11125
5629
9803
4420
4910
11667
7064
6211
7863
10975
14870
10619
9621
4686
8082
14556
2433
7965
1814
4966
11873
6543
1466
4914
14541
6586
8664
14658
11964
4670
2534
12156
11612
2704
11034
11095
1657
3337
6550
4584
4555
13890
14884
8645
239
10254
7875
1116
6012
1563
14481
7640
4419
8111
14636
6603
12875
1569
13486
5421
11051
4092
8510
9117
608
2908
8209
13863
7751
3192
1524
9990
7347
14876
2689
14192
5981
7813
10248
4276
10880
13254
6581
12521
5666
1301
7739
14208
1767
1694
1853
885
1370
6872
14256
9392
6244
10082
2267
5230
11557
8287
2608
11104
2407
8348
12358
7043
589
12758
7026
818
9442
5936
2656
13831
9718
11138
4118
1637
10292
5089
5643
3266
13648
1984
6035
11298
14782
12225
6088
8356
3865
8007
9381
12365
12500
9181
11814
8985
6653
1223
7447
10932
10828
1732
6635
3312
3343
2748
14763
9099
5253
11622
13249
13359
7214
9402
14872
13358
4436
13328
14379
14485
11671
10876
3543
5103
9613
10992
193
4328
1864
7864
1878
4508
6477
12888
10062
806
9008
8840
5490
6301
6077
12126
13080
11338
2051
12035
4494
9217
3726
1876
9680
5262
3966
11245
3447
8137
6242
11277
4581
3521
8212
5722
8282
1045
7264
4638
10053
5263
8273
923
12204
13899
7536
3217
9033
7474
2214
10871
14942
13521
3720
9373
13615
2675
3109
2424
13594
10589
4170
14955
1501
6579
1926
14819
13399
11312
6240
2640
11683
11581
9569
11230
4014
12073
13645
12577
5151
10222
443
11950
12190
11980
5571
2532
2587
466
6006
5750
5652
4133
5607
10372
6914
10123
5335
10895
13572
8844
5074
13542
2820
14353
1065
13320
5980
13611
11226
1264
11614
5580
11375
8886
7924
3721
10185
10645
14518
11513
11973
1367
2818
6357
704
4083
11070
8590
9310
12673
1110
2113
5117
6181
7197
14027
9502
7003
3969
6827
5561
5367
2563
12973
5913
8629
5612
7042
10606
8875
8020
13190
6940
13650
6228
3604
7520
2784
3649
2615
12175
6040
7667
832
3079
1481
2920
1111
13224
1601
12989
7727
4536
5530
10988
2158
9602
5241
8278
12434
11091
2344
4979
9915
9987
12999
11749
3194
10305
884
925
13437
14862
12661
13087
7836
8620
3664
747
13632
2815
11856
2737
11002
12932
3353
312
183
14003
13470
6681
3214
4557
2528
1530
10624
9933
14114
4827
1770
6460
318
1229
8858
10593
6380
8511
12472
6339
3730
14179
4182
8279
5945
4459
13544
2801
2912
1023
7710
8387
3293
7225
5965
3341
11937
7693
4634
11561
12468
8605
11645
6457
5837
5378
230
8106
11840
5691
14565
9826
1151
14737
3651
10369
12543
4643
4209
12788
375
10915
2006
6713
5836
13164
13599
2635
3160
11505
4565
14328
10728
12466
14560
9917
6448
1589
13793
8992
7565
7943
5887
12270
7800
9352
3427
13930
398
6865
3766
12696
5359
14007
9118
12399
5070
3742
12865
4070
12985
8825
14547
4396
14776
14392
1624
8482
3424
10083
8368
8895
9754
13323
10646
2316
12859
3972
3817
5621
13854
5642
422
641
13640
13545
7584
1795
9923
12274
153
13229
87
4781
9962
11986
4804
1397
3225
1421
2957
4004
2178
9360
4815
8965
8280
966
4818
12217
2224
9539
3717
211
8306
590
12648
6556
9129
6829
13894
13639
10280
8568
12287
1115
2408
3127
10778
10765
5634
6974
4873
5409
11099
1173
57
7593
8335
1203
10099
12595
1733
5232
12685
11764
225
12548
5190
14150
10389
1836
4884
6123
14741
11482
8908
9341
3304
7178
8480
7767
10118
14689
11041
4482
1385
6846
2159
3915
11208
9114
10850
417
12729
10632
2319
14299
3064
8598
10470
6690
12136
10467
2250
2385
7618
900
4712
11967
2128
6595
13121
9153
3366
12171
8731
9689
4644
5266
838
4297
4730
7718
5414
6239
2855
7260
10567
13581
14821
11077
14307
5173
496
14431
13372
879
7952
5770
12735
5874
14080
1892
5979
5201
13094
7695
2977
13387
14616
1428
9220
3545
10714
736
8817
14313
1124
9054
10666
11818
9128
8173
11152
3593
10192
4464
7658
11795
177
3600
3961
5164
14817
13352
2905
10795
12631
5489
6445
5275
5068
12957
7779
4426
4350
10821
3672
86
9424
2419
2176
5167
14318
809
3158
5261
13126
3035
2473
3402
10731
10205
7715
5052
9660
7688
9780
5896
2114
10202
7025
6374
3449
10836
11458
6855
11750
14011
10546
5361
9646
12544
9020
6565
14419
2200
12288
13456
4029
6294
4525
14994
10927
14647
5619
222
2427
7345
2610
8207
13932
6454
7131
13519
1330
11707
486
14139
485
12786
9565
6604
5730
2578
11854
11363
718
2549
1579
529
2050
478
7156
11755
11278
8148
12247
4028
9748
13992
7188
9865
14918
10496
13696
12843
6991
965
11536
4485
9911
9735
14214
10723
14732
3276
6796
4167
333
9464
4789
10469
5794
3177
9501
3153
10295
5741
8122
10935
705
3975
10702
676
14193
6692
1189
6779
8742
10580
13478
6645
4660
13829
9935
12995
7507
14653
1768
12479
5097
6196
11313
1290
3142
12599
3451
7196
1742
1325
13196
14983
2886
14424
2743
10545
6198
1527
14722
14813
11451
10652
14831
13982
2997
8902
11511
3388
4946
4365
9849
9178
12704
11721
7072
13957
4736
14471
9796
7804
2204
10274
11684
7890
3200
14886
7818
4172
4724
7139
6810
4900
3590
12524
2961
1738
4567
625
4737
3810
12779
10958
4848
6336
5298
8396
6278
4037
8385
14514
4491
7549
1956
3606
14081
13798
13154
11326
14416
4393
9162
6133
4469
13690
8802
10734
14544
10797
3454
5085
97
11920
11371
1677
5478
1480
13920
11231
3216
14339
3271
2322
10677
174
181
561
14679
7425
10976
4318
13667
6811
12309
6492
3240
7088
14574
5452
5848
2221
9437
1172
8330
3772
5620
13978
8144
7095
6761
4121
2932
1893
9036
7213
8565
3145
2335
4102
993
12189
9871
2557
7559
10487
10398
14106
5633
7242
2064
1258
14408
11248
6624
10448
11168
1521
4263
4409
5224
12386
13277
13447
1634
14953
8909
3356
14100
2215
10027
327
7777
8638
403
12748
13989
6564
1941
13819
9953
8803
12566
3982
8873
5738
7240
1127
4384
13250
5719
1199
9104
6441
4741
11730
4562
11181
14450
13905
11022
14843
7365
14769
14268
1546
7189
1756
3902
3483
6486
6446
13951
411
8745
9030
7798
1244
4059
9973
13595
575
12603
12048
8889
1238
9223
6490
12324
4886
3886
7032
7517
10039
11997
11756
1816
3520
11865
10524
3866
9282
8322
9742
6557
1328
4825
14093
12336
3468
13644
6536
3095
1263
14581
13204
11026
2380
14387
11243
3775
9753
12525
2968
5299
8634
1315
14237
10579
7227
7518
2312
4043
1606
6563
14497
10912
13020
2116
5763
3311
5542
8552
14592
14399
5815
11052
2678
12882
5186
3560
7387
633
588
39
7588
7123
7476
7006
48
2193
1366
12494
8086
14577
2451
5871
7237
1224
14086
10812
2256
10709
3163
11893
7891
1655
4081
1402
1146
10000
7858
13846
9174
13750
4619
2259
6608
2123
13444
6900
12417
8234
8655
317
6314
3253
1722
688
6804
7529
13936
8862
6456
12533
6267
13715
12730
13614
6628
10609
2994
9951
4473
13799
11085
5502
12798
9848
9873
8749
5196
2245
11705
6939
5616
14874
668
6968
7778
13496
11404
2283
6669
4866
8058
206
11253
10838
1076
911
435
12346
6358
8117
12246
6794
6698
14645
10597
5311
14543
1938
4556
13937
6936
6569
11825
12927
2866
11417
1772
3480
13256
7570
5216
4560
11233
4347
9147
9581
10332
9130
11203
14997
4016
2778
5682
41
12361
2041
12311
11044
3591
1255
4367
8951
8537
12360
4445
10102
5139
12138
5976
8874
14894
13332
9156
12734
8217
10170
5696
2596
4590
9507
14168
6426
6372
9551
4958
3392
11778
9016
13993
10993
2406
9456
13825
9744
2880
8766
5249
14365
3656
1949
288
13165
5475
12554
14742
9787
5213
14936
7449
14465
8540
6398
14217
14650
12281
2833
11292
4637
1192
6292
4513
9471
13537
9473
8721
1885
12444
3268
12366
9461
8305
4877
6067
11847
1708
14116
8191
3305
14124
3467
9488
5591
1006
12300
9166
5541
10874
7755
10175
10270
2659
8197
9897
14078
7165
8986
14928
2370
4411
1824
1270
4899
7005
13767
10346
716
3294
7141
13836
11213
4908
6261
14253
4478
10914
7515
6978
546
7508
3335
13145
2043
8047
9034
14967
11672
9499
9423
5860
12789
1326
11102
12071
4387
13482
2490
2331
5878
13563
6540
7299
7605
6352
4714
10129
1536
5516
1143
1793
3648
12972
14996
13601
7910
12700
1503
9508
3932
10701
7185
10920
4517
9596
10772
6306
1780
6612
5712
13564
12930
2611
12409
3724
5273
13626
10012
4840
12667
1854
7599
4354
7132
10304
13706
2130
3360
12876
2099
8003
2790
13924
7987
267
3879
1631
569
3895
316
5604
10163
2715
4323
11261
526
11307
12329
4986
1686
5606
12598
13691
6553
8789
12706
7044
5073
2769
14055
8374
4139
7720
707
5210
1248
10811
13629
1286
7339
12743
11038
4922
2486
6687
5152
10759
12268
13339
6260
7770
14910
1262
13434
12629
12719
14370
11054
510
10783
3002
13618
11036
14552
14906
10157
10230
5163
13479
10970
5954
3167
10003
14788
14322
9797
11829
4302
3838
3848
3283
3704
4539
12792
2338
5393
8854
11141
9023
12640
6548
171
2514
10692
8956
12134
7930
6959
9732
7577
11574
13604
6717
487
3426
12931
3615
11012
14609
11698
11431
9975
10316
584
6379
10203
5157
5436
14949
11894
7040
9598
3581
7314
237
8915
2210
9811
13856
1921
6558
12439
12672
3156
13731
3745
10826
1810
4382
11630
606
552
8582
10637
2523
3320
12295
14083
3804
8403
11220
13625
2046
792
11542
3256
4284
8182
12289
10114
906
13868
8219
5357
4635
8955
12326
12596
2242
7127
12437
5039
3900
262
8382
11742
2853
14627
4019
12502
340
3701
10142
8515
5999
12493
11131
710
8960
8699
2727
12569
4682
762
9052
9823
8916
697
10827
1877
1951
8751
1763
11850
11268
2444
13330
6451
9528
10409
7479
558
1211
4466
1044
9652
1545
9998
7202
9960
14021
3694
9050
3369
3425
2927
6545
13348
8175
4697
1552
11596
3444
9387
6071
10209
5677
5787
12703
10792
2793
4625
11760
7547
9959
9623
851
2174
9328
12393
5463
7679
11945
2822
11774
14477
1645
14262
6276
7488
67
6931
2496
213
7881
7438
1000
14153
5183
14152
13032
3465
6849
8683
14417
7411
5669
14841
12080
14371
4501
1587
4771
2091
12686
8697
5242
4407
4329
6273
14546
13076
14137
8441
12994
1198
13515
1983
344
8597
13498
12526
322
5066
985
197
10077
7539
12726
27
14329
7808
9377
6577
9642
6644
12593
12081
3535
12467
3013
12538
10249
13295
1622
11440
719
434
1175
14711
3715
12307
6143
1659
5658
2883
721
12130
12579
6043
1998
8488
599
1063
8300
2782
2429
1920
6030
12505
13570
14775
7564
8379
12201
3977
173
14134
5469
10858
10104
692
13363
4728
9204
11374
12072
6003
11403
7887
2744
5755
5486
10478
61
12634
11832
14833
7364
9585
13440
3881
4929
11567
4699
8042
9906
12671
1423
13148
5047
14211
14540
8930
5894
13429
4154
13135
166
2936
1507
13273
7758
12975
8455
7229
11030
3094
2723
6848
4563
13067
14705
14252
9431
14632
1112
14939
9101
6780
6061
14368
11223
8735
10830
11178
2234
5250
3616
4856
6694
8499
7555
10100
1544
1320
9597
4156
10327
11532
4717
10298
7436
6814
2944
829
3583
7902
12669
10417
13903
6191
13885
8765
9285
750
14797
2628
3733
1716
13586
4111
4091
10322
14348
13041
14067
11078
13959
6285
742
9919
703
2171
12702
10191
8541
10482
14902
14102
11187
3274
14247
8147
6935
5251
9266
2598
6424
877
11174
14185
13622
8680
3482
14838
14492
10153
2065
13000
3429
13823
7077
13310
10525
9854
4192
11776
12560
10092
2285
1348
13666
4520
3830
12780
4819
10198
12871
12069
14685
10109
11853
2762
12484
7596
8239
5880
1648
6388
11535
12643
10924
4553
3510
4751
10241
8642
3645
1640
7486
12487
5498
5098
4357
11866
5132
13808
2327
9938
1092
7252
12762
6630
8583
4999
14778
12887
8640
4907
6510
4874
14126
1028
1329
8409
7060
3439
3501
8054
10461
7
978
1576
10953
8326
4039
6970
379
9890
7029
14799
4050
5506
10888
9021
6886
11880
11029
6455
7788
6000
3525
1349
6863
12109
7631
3933
3598
4312
7397
14615
1114
13872
7221
3372
12041
8526
14815
6888
3355
7567
11913
7147
1886
14919
13147
8116
12701
5194
14888
3987
1137
6519
13623
10146
9466
6158
5094
10177
11919
6156
12057
8083
10134
11883
3761
13050
1828
146
11299
6245
963
3562
14614
5726
204
14338
11163
7557
14590
10466
14868
7939
2299
9773
14312
12222
6754
6086
13911
4075
1275
4434
4112
7199
12088
10227
10986
3289
9391
8849
1487
2526
1118
5228
10126
12919
5681
11753
7383
13385
14186
12920
296
10533
11907
8938
7285
1168
12257
1497
12943
8700
4463
6527
6786
2194
8996
4221
5923
7540
6167
7223
11196
6438
14164
3938
7645
9467
13500
6209
7395
2852
3597
7906
5884
8954
6230
10612
3910
12642
14643
3464
847
7076
2626
802
8014
2467
7661
4385
6508
7000
905
13317
10449
12695
10365
7111
352
12666
5291
5731
10890
8092
12045
12316
364
12030
6613
5284
9515
13738
3995
9270
3315
8315
7226
8592
4218
13007
7081
7790
11565
4200
1628
12545
12763
5343
7809
541
5883
11872
12003
1035
5886
13198
13827
429
11960
12432
933
14323
2942
13003
3632
5613
5302
1032
3361
270
11153
3285
12216
14172
926
5689
7109
4370
8519
9208
14860
7417
10843
14295
6296
10480
10784
8948
4768
4997
4405
9273
1463
8369
5812
14964
7705
7968
2816
761
8032
12397
7490
10696
4147
13620
10434
5811
8654
10774
3999
10179
1268
7033
11436
10019
14314
11909
8062
722
7153
6805
6284
8694
3901
1604
5243
7879
3684
7744
8706
9675
13547
12805
326
13705
14807
5030
3187
7375
804
2989
4667
9134
10615
3749
4372
7796
367
1588
8959
516
469
13184
11706
12564
11414
10058
13487
5575
3295
13485
10788
2798
5792
14898
1860
8398
6706
10745
329
11164
13368
14265
5625
8913
8842
2799
14887
8166
8011
7331
13340
5300
8943
2155
2693
1881
9121
13943
2594
1188
14488
6091
12026
8559
9968
7677
11884
3841
6665
1766
2449
2261
7732
9638
3495
269
2500
827
4558
11974
7844
6981
8222
275
14834
8454
12979
2747
9413
246
2399
5431
7675
7366
8386
14446
9844
4843
2359
3798
8561
11317
670
3609
6090
9859
13722
4012
9455
4941
595
7231
12101
12125
1701
14097
11817
3161
13297
4253
3146
5010
12917
4164
5693
13765
10704
9856
13044
3770
10392
11471
2809
11888
14432
13942
4261
9105
8942
6599
772
934
10352
14753
3948
2102
951
13490
10220
3617
9316
2197
8458
1075
8506
9955
11289
7161
10722
10468
13692
13527
5882
1041
11288
11106
9712
85
8657
11613
1295
13659
8295
6807
5125
102
11882
14035
7389
11350
1426
2474
8251
8801
10136
6891
12942
7282
3203
8345
9258
14479
5408
6594
11546
2395
4865
11922
8771
1094
12597
9337
4190
7589
4433
9655
5788
13120
11411
13212
11688
12581
6342
13480
1158
14784
3731
12787
1002
11600
2871
11897
10388
9222
13988
7976
3212
13172
7571
5133
1159
13529
3441
14044
2672
2301
10962
12575
3912
6021
10413
10744
4990
4521
5195
872
6985
3737
7404
7381
4292
5801
7876
5911
7159
10002
3668
7637
3706
9540
4718
13461
1804
8248
12698
2845
11314
2179
2570
8418
5795
3941
5231
13176
9372
8277
1355
8074
12657
11896
9185
14976
7784
5707
14985
1554
13552
6695
1400
5953
4272
7183
7467
14681
6363
232
1980
3523
3221
6216
7049
7135
2667
9805
9611
6146
9774
9347
996
9044
6767
2828
1566
4239
5756
11589
8165
11637
10010
1251
14882
2141
7007
12375
12791
10464
11262
9948
464
4183
1339
304
9333
7654
9065
14112
7097
14495
7157
12658
11819
2431
10193
6547
4035
5952
13318
7582
4333
7523
7551
495
3287
4330
1865
5930
1361
1407
10441
13129
8946
135
5466
11327
5415
13058
13898
13730
819
7194
2428
8983
1285
10943
9079
13157
14748
13550
2511
13233
9729
3776
98
4135
2807
9100
5577
12846
8767
717
2127
2488
12809
5438
12782
12132
14198
10195
12516
13394
13208
6675
3112
3970
4616
7287
9604
2252
7601
2591
2692
10656
5586
14795
10514
7120
13804
4698
8685
6354
14162
3746
3753
14790
9324
7360
7471
13606
12664
7191
1798
5982
2198
9202
13203
1267
14848
1529
14397
111
4549
315
5417
2277
12188
7683
407
9256
12301
11704
4566
9486
8240
10149
13850
12556
6391
14037
9636
12982
5240
5838
377
1437
9620
11975
7913
3091
9752
8542
6311
1210
3897
5552
12491
11522
10211
10256
3039
2520
14603
7735
4260
10437
14805
14276
13142
13673
2996
9916
12756
7376
2349
5973
5905
5005
5623
5844
6585
8711
1034
8964
2890
11004
7614
7083
13065
14482
444
9338
4425
11045
1975
392
2177
3532
6094
2962
11861
1596
7830
2535
11624
10754
3459
8493
5424
13160
7745
12878
10207
11553
9737
5063
6997
11005
1195
1862
13760
8792
7921
11381
465
3878
1103
4377
5674
10357
10650
11428
3729
12049
5352
1458
5050
3051
6705
4127
5320
9262
10604
14735
2265
264
2039
14663
10119
623
4177
11
10719
14146
12907
9895
4421
6504
1523
2811
7145
10733
12183
12674
14278
1241
620
10628
4379
2355
7484
6431
6208
1961
5723
5354
4618
7642
8063
8837
2199
5046
757
2501
1790
5142
6915
9993
9433
10481
3026
6042
6730
13313
886
260
4148
2754
12860
5858
11694
7657
13867
4065
8971
6917
3136
1171
8140
13469
14648
8549
6616
14640
4776
14746
1439
5661
8905
9474
6078
898
7378
1246
8978
7451
1924
6815
7576
3297
5676
4325
11454
8231
10320
9840
10391
13215
12872
12984
2583
112
8372
7068
8782
1796
9839
8885
6561
10655
13996
3763
13843
14444
7722
11608
9819
2011
9589
7733
5034
6472
4689
5348
12781
8468
11408
13955
794
5257
3905
476
10621
5380
7200
3764
1620
10262
1442
13721
9190
6356
3042
3224
4428
6056
12234
3132
12589
10311
6839
14183
9777
4885
4173
2086
5760
531
5203
9098
9964
121
8585
6806
824
8601
4968
14680
2868
470
14249
892
10374
3846
3058
2929
3955
3990
14501
922
952
170
11204
6495
2364
6365
11485
1555
12602
8354
9350
6515
3278
8669
5306
3456
12541
12123
10629
11160
9847
1039
7014
5822
2821
6793
10355
9263
4921
801
7428
1010
3024
3470
1322
8450
6772
7789
8132
1936
13539
13239
13270
11390
5277
2859
3780
1986
4532
6453
8324
1713
11412
11690
14181
3065
4821
9032
2136
1309
6192
4408
9593
6129
5793
292
10946
2260
328
13433
9874
1119
8388
4401
7485
12968
14701
2794
391
1696
6382
12635
12529
11265
12043
9454
14877
14503
13458
11329
2867
4661
8407
11534
5353
2262
13016
14716
37
14958
12884
1889
1207
1319
12458
11599
14517
5403
1846
10080
9248
7269
13025
8446
10614
1704
9355
7986
8025
2565
8743
2156
14513
2639
1635
3712
7067
14281
5444
5182
13833
10569
7201
8898
12916
12608
3301
14401
2819
5493
4609
2792
11304
11862
13746
1053
13011
9365
479
9681
7442
9446
10428
3303
9709
4829
12303
14161
4875
5742
2685
3579
8667
2106
8081
14223
14533
799
12774
7807
3836
12148
6224
13806
13303
6047
8517
9027
2280
9214
402
4860
8571
4742
4887
3226
334
5857
1586
3248
294
13166
13834
11941
11112
1643
12937
9668
3572
7704
14649
12168
10451
9778
7421
8185
13048
4063
5776
6065
10886
10796
4623
9232
5086
7400
14301
5778
5171
9157
8187
14973
14761
11881
14712
12517
2627
14557
10618
13754
4855
1823
9218
1157
283
12338
3125
14947
11025
3802
14454
7372
3460
10867
13908
3680
12241
10052
6596
14915
1215
1004
7491
13100
14257
8424
12952
13350
4858
12776
2862
2882
12885
4085
10930
7443
13079
9711
8939
859
9074
4220
3564
2129
10625
11533
13857
11068
14264
13530
13772
13416
13149
8013
10534
2986
890
12839
12626
1989
11985
8643
10266
9784
6401
12355
12001
4381
12775
5067
8831
6826
562
4715
8975
10120
7489
7851
7107
8814
10737
7543
7671
1140
51
13379
12388
1062
11055
11442
10282
10648
3622
11344
7290
3107
4810
12239
3364
11911
3438
6286
3709
8581
9556
1944
7685
14892
11202
17
9644
5113
4713
10066
609
10508
3284
6769
3577
14498
14744
394
2973
2341
12291
10846
3075
11128
4763
8741
5843
12623
3308
13939
8772
8109
11691
12683
2295
13293
2059
12869
5879
11087
10279
999
8461
2131
2903
5259
971
3018
3937
2497
1122
11955
14899
10378
4835
3971
9763
5593
7398
5622
953
7552
10751
14019
2541
13575
12594
3063
11063
6634
7853
13466
14920
6037
2196
873
12824
9309
8000
13934
12924
2729
14335
4898
12341
11537
10999
2413
5543
8641
5998
1242
14591
4315
979
11452
4368
6478
3874
12431
8507
29
6941
14430
7894
11708
9109
6473
11752
13878
7707
1730
6482
11981
6444
12912
1316
10161
5648
12983
2122
4852
12764
1298
14605
1273
1387
6801
14103
9374
6875
12236
12157
13276
13139
13034
5602
789
11762
13059
9061
9067
14979
5265
11992
3752
208
1782
1614
12019
5867
602
9219
10984
8859
12
12495
6270
11947
13066
8656
10261
3384
14005
5667
5924
2750
8271
6050
5445
11849
1394
4030
14094
7309
8200
1155
7128
6136
10847
4022
7017
9434
3957
1504
10983
1133
5888
150
3185
14657
6889
6243
14476
6657
2471
1721
4451
7405
11172
5889
3399
347
2725
8551
7595
7568
4839
11594
13199
13163
8826
7047
9404
5412
5950
13105
3183
4194
14085
1557
8375
13403
14280
10246
14289
11342
10940
2756
4095
14070
11496
11519
8798
10707
13089
11601
4161
10873
76
13910
10296
10543
8570
2668
5823
247
4271
12339
7702
5507
7319
2533
5720
12501
9010
5028
2900
12280
9102
3410
758
14270
11453
12266
9755
14336
10634
14981
4681
6809
12122
6171
11772
140
8625
5609
8226
5107
6592
10497
12639
6808
1249
4620
5813
8355
5303
9896
956
5206
5222
4266
6204
2878
1660
6462
12619
1460
11216
6777
1826
14056
2813
5928
7698
5798
10815
13136
6063
3625
12137
12925
5209
13591
7402
7333
3029
2745
11464
9595
5416
14829
13802
2621
3059
4850
3541
9628
6587
6882
7172
25
1963
4024
10613
2394
2306
6138
2286
13078
12348
13749
64
13674
12129
4309
5524
10644
8380
2870
9904
5212
2538
4695
12893
11646
2513
2001
1909
8729
11302
643
5939
13557
3045
11297
2076
11675
3211
5318
1809
2231
11640
1025
14427
7509
2580
6920
2625
5395
1692
11495
12553
12528
865
14562
11552
3876
12230
13369
13786
11075
6309
9500
11192
5649
5735
11754
7742
12423
11766
6487
8715
2609
6075
7964
8216
3249
11942
14971
3794
10422
2028
6344
14263
13663
10046
2095
11120
14075
2396
4608
737
10144
2913
6868
11563
14046
5917
11354
12488
10509
12457
11336
2676
9824
5385
7501
6946
2469
6154
13272
11810
3213
7960
9685
4417
7337
2056
1413
2894
11824
13956
12814
13559
13286
4841
3030
8945
14525
6480
14516
6725
13202
12205
10840
4932
7137
4222
2695
1344
5076
3803
9494
6215
1456
12040
9224
5963
14654
8261
14851
8124
73
6721
11663
4197
5256
3280
481
3322
12522
12497
12022
12335
2785
12203
9362
13316
1288
7969
14830
2979
4834
7984
3790
5550
6130
5500
9757
12426
1277
1412
9662
10303
483
6119
11061
6532
1495
10007
6319
6583
9635
6253
6841
1493
9001
13307
7513
11200
4359
13287
4909
14320
7655
7119
3174
4187
6321
13513
14388
2701
2644
5662
12614
8021
1096
8002
5323
4675
9351
8342
9764
1937
10362
1250
1090
14972
310
12496
10457
12665
12139
4833
7771
14922
8204
8815
4296
14039
10324
3815
1899
5434
11394
12047
11001
9963
4576
1483
14952
6009
10091
7900
4378
745
1665
1811
14012
8846
10968
12956
13092
3230
421
13814
7149
6831
10877
11306
10253
11020
6303
8689
12565
13664
726
2187
14266
12485
7636
7468
14340
7234
11685
13005
11322
7175
6371
5581
579
12948
7324
4026
10183
968
5123
1434
12102
1253
10700
8337
2363
6707
1461
3892
9152
13181
14570
3070
4891
11124
4060
7791
4201
5168
6551
11255
43
7021
350
7717
3119
14695
370
12892
12391
2314
152
13770
9138
4250
9992
14743
7773
13587
7211
7787
10698
10584
8064
12314
14539
8253
4571
4202
2223
4320
1087
2161
1184
3686
10418
12725
3252
355
5479
5650
10717
4515
8936
7729
1469
12462
2055
2531
258
8227
10210
14271
7163
12372
10287
8823
14803
12741
5292
2447
3209
6822
11148
504
8392
7096
4180
3509
5083
12320
7982
12836
8298
9380
4516
5338
7244
9112
10511
12015
12688
4711
1611
9609
11003
7271
3993
3117
13800
13285
12209
6858
14548
11767
8445
12610
9822
741
13159
10199
7935
13871
9278
4441
10718
9281
6325
9707
10339
2366
7959
9301
3489
2105
597
7569
5497
5503
6225
983
6749
570
10431
6993
7942
8617
12842
12562
4987
14190
6044
5428
10014
9747
12381
6264
14703
1891
3376
1652
10265
14250
11369
4870
386
4857
7983
3851
7463
8649
2000
8577
2686
13009
10708
4316
1932
11469
10760
8539
2071
6790
14412
6496
1427
5375
9267
12961
10505
9367
4174
14765
6381
1506
1338
8258
9910
70
10911
1236
10335
523
6271
7895
8910
11489
11252
9269
1682
3367
14130
10412
7920
7236
6297
1901
14373
5199
1297
1243
10309
6413
9857
4371
5668
4772
12715
7465
10576
10870
11151
4299
6107
8088
2070
1511
9769
5041
820
77
10825
2589
10638
6232
8029
11858
2572
10633
9842
13764
5297
9137
12489
9632
3681
9625
7846
6656
13917
12290
12690
6525
12955
10822
9912
5310
6765
110
2517
7929
13946
11512
6062
11135
2423
10804
14875
9767
6930
9974
12840
14196
9349
10631
1234
1051
11839
5317
3657
7263
11273
1177
6597
11544
14642
8497
9149
12817
6567
2588
3728
6178
14125
12191
10493
10037
7498
6494
11343
14489
2713
4876
9664
5328
8893
2619
11198
3206
156
8193
5748
13383
10952
1644
7460
13923
13397
10073
7090
4752
10300
13179
9979
13590
235
11023
1470
10515
1099
13896
3389
11028
10148
6697
6430
6173
13711
4310
5957
2485
3678
8498
12056
4844
12271
9657
11968
11994
2384
11447
116
6894
8118
5573
1411
2739
2922
2348
5114
5914
14553
10206
130
10255
658
7749
9691
1928
5786
13230
3477
14275
12904
11977
2432
9804
1430
7246
3504
14631
11582
14009
8535
3273
6726
6702
13689
14008
13342
12395
14028
12570
4008
14931
7241
2377
3255
2266
7130
3282
180
11190
1610
1134
2289
744
8614
12682
10421
13281
9451
7823
14451
1187
6221
47
14881
787
4041
12042
4988
14878
9627
10490
3414
3062
9695
2077
8821
2360
7504
9879
12256
4973
2734
3917
6883
11221
6176
14341
8183
14989
12110
6629
13117
9830
5548
6148
3807
9228
5129
3716
4624
11376
1091
5288
3331
5077
12304
8884
7909
12616
14759
13354
5746
11619
7756
3371
8395
176
14227
14587
601
5064
7322
6715
548
10016
940
14538
3246
6459
14526
6732
3086
1662
14682
8004
3958
11711
6166
13361
4223
8662
7763
13140
12659
7870
4738
10979
14213
1414
12308
2464
13965
3394
759
11225
14934
11455
4413
3073
9607
7024
10259
5244
8061
257
2074
240
14418
8096
151
14258
8091
11499
11779
9440
4575
3090
975
5137
10884
12647
6768
4930
12835
11791
45
13549
7437
1131
6483
12783
5225
13282
14143
6262
1335
5038
1284
13851
6073
1623
2388
4779
2586
10348
2566
13232
2642
14048
6036
1376
5458
5595
8320
14169
4632
3173
11111
3793
8868
2152
5563
1232
14900
2217
9448
4432
8670
6241
14347
1482
12707
6152
4129
1528
13904
4740
7380
2846
280
2606
5106
14502
11155
4753
6414
7699
10705
14692
2042
6568
3515
779
10674
5721
3907
7862
4760
2559
6200
3722
7374
6884
7084
2881
14163
13922
4933
4181
4415
8291
11555
368
1515
10711
7785
7580
752
4970
939
2797
13412
9739
10040
2633
10424
3911
10215
12342
13255
5856
5683
7646
13085
9760
9706
12520
1473
2915
6463
14534
6774
2479
6014
8966
9553
7550
11812
8412
11109
11575
5514
6428
7039
2483
7990
13509
7158
11618
928
4278
3178
2770
2195
13267
3548
11520
7181
7079
10879
1383
13210
3344
1787
10519
3988
12555
5553
11206
13481
5865
9570
5961
138
10923
14062
220
13290
2781
14702
8039
10382
7837
369
134
11039
6474
14286
862
6328
7456
7506
10235
3398
13430
6010
10190
8514
2921
9342
11145
1703
9495
7492
1228
251
14664
8079
9806
7136
1095
12976
9330
13484
8299
12508
11173
9478
5610
3490
10098
9398
7453
7182
4995
8962
8899
4775
3126
5929
13407
5986
6789
6467
12761
1912
689
3667
9714
4259
8434
8575
7386
10716
11207
11076
6676
9710
4807
11367
6029
10740
4982
10622
5192
13909
9558
4564
9996
13047
6098
6572
13511
3587
4049
11583
7746
6962
10380
1919
14308
9995
2333
3771
3789
18
3432
8052
679
11325
8353
843
4001
1293
14889
3939
1181
1837
9622
14089
9371
9089
12010
724
2560
8266
2542
14133
6787
767
1109
9590
7854
1170
14968
2674
10460
8218
13193
393
2832
8442
13474
11629
7781
6703
1509
5146
7660
8286
5840
5657
14974
9076
8554
248
3041
3262
11171
6407
4892
6861
12838
1632
8775
581
437
12200
6677
3279
3683
11006
4208
3627
573
2916
12753
9304
8189
3265
1070
4274
12918
1592
3401
1179
4582
1759
5176
13751
10043
378
7594
715
8053
10475
10725
3963
7434
1720
8389
4547
10396
12841
11834
10660
441
4363
2618
13237
14026
11921
13356
2165
14783
6387
8544
4114
1490
13095
14361
11142
6844
10273
540
3629
8693
4926
14355
7917
7071
1894
4894
7916
6913
4747
9618
1388
11494
9005
9165
12323
10233
12941
11503
2924
14441
4475
6375
2415
1822
1769
12611
2168
14349
11267
8202
12454
6419
141
10048
6089
3985
8141
8151
13964
8762
10866
12058
14669
3247
12478
5574
13036
11345
1432
227
12140
3307
10260
5360
9113
8833
11784
8246
3634
12857
6101
14380
6121
4062
14020
6535
2216
5699
14377
10395
7041
1818
9929
14215
2014
4335
2402
11264
13325
7267
1013
2824
3316
5850
1386
8892
2145
1761
7973
8275
12198
5773
13583
6324
6250
10741
9838
2397
3818
9696
5873
9740
4992
6103
764
1925
3442
13719
7403
12604
8214
5557
7055
7665
8293
3223
12858
13182
998
11687
3260
10381
7277
3327
12085
13516
2842
808
6784
2766
14624
2775
878
2960
6683
14990
2442
3732
4227
9432
8139
2543
3873
3826
4630
13671
3925
8545
2303
6509
9549
9426
5864
4919
9559
14500
1884
8738
7418
10313
6007
12260
14960
14140
214
12854
11236
7512
14982
12644
4040
1123
10710
12173
13436
9195
3373
14991
9449
4342
5899
7865
12592
6308
3313
265
13693
6835
13057
1968
10444
6751
8569
3229
2972
10616
2499
9527
5110
1717
12905
12169
2836
12406
5590
5630
14462
8157
10242
5162
1036
8019
14087
6522
14071
1753
2082
5768
1296
2494
11165
9658
14273
9884
4232
8546
12812
6288
12153
8402
5605
12078
11879
8289
14199
1150
7266
13240
10542
6259
8934
2382
2090
12537
678
13669
6926
12568
10794
9186
11105
2931
10013
3935
6929
7423
9370
12442
12333
3554
9758
13881
11115
10903
3227
5381
14826
4756
2943
13634
14132
921
8045
12179
10414
4495
12503
13489
9513
788
9393
6076
12107
4058
9965
6896
9647
9043
12712
1927
6274
2296
6714
868
10685
5736
8078
4729
8485
10127
8705
14963
10956
10560
10881
8046
6743
2691
14147
5252
7725
11603
4500
9861
614
12332
1945
11359
10318
5996
8210
1500
7114
13801
383
3
14586
4537
1525
14607
8513
2318
5079
14867
10675
404
738
6139
3092
6641
1838
7371
1859
497
12561
972
1265
13037
5267
1477
1939
2776
3404
12344
10
9325
9640
8084
3487
3317
11205
5055
6203
1833
11348
4277
8492
3558
4247
12055
4422
12227
14961
10049
10875
5341
2926
6008
5771
5568
8566
7102
9639
9875
11792
12453
10502
14460
3690
8169
13747
10017
2884
12689
14195
3015
4645
6924
11416
9846
11761
4344
9458
12232
11731
13302
14073
14403
10781
8359
5283
4544
11361
12899
9094
6280
1069
1607
6353
8696
8101
9583
564
5120
5124
8864
14606
3592
9661
4955
9086
14760
9592
10630
10939
10695
2564
14435
14794
12778
8317
3951
12540
10394
10851
11393
14656
2164
11846
6341
4651
10831
8991
8690
3419
10839
3589
253
784
12398
4505
6660
10771
8462
9899
6582
2460
12895
11798
14229
268
13231
5144
11504
9070
9676
13680
13608
2493
572
9078
7496
13442
14144
10549
300
5423
10112
4903
10156
4071
10686
1734
9122
4358
1617
13729
1178
11703
1642
3710
4107
7152
5090
4847
8999
9463
7363
8195
9066
13980
6626
8797
5087
11777
2665
1752
14662
12803
10173
11383
14304
9931
12433
14123
1638
10435
12677
14142
155
4400
14180
7473
11356
7774
3434
7672
79
7827
9825
7561
2953
2978
12259
583
8404
568
2438
3152
7409
3481
13853
11656
3930
8103
10777
5772
5081
5322
12000
582
192
2436
11890
5472
1954
4845
12605
11720
6775
14917
1085
8870
14366
7794
9994
5135
10916
13171
11467
3157
11334
4598
11770
2251
1972
1698
13835
2060
10854
6845
9530
8584
5518
8661
1639
14436
6418
5441
7528
14762
973
12167
9132
5560
2212
5011
11903
13218
3084
7816
5907
4925
5
10964
8150
14507
656
7590
2946
10059
13245
4975
7082
4614
14439
11910
11491
409
14891
6511
8830
11991
3524
6265
10948
11214
4224
8761
6795
14411
14364
9164
3028
4878
9617
11426
13015
8917
12692
11763
11664
1754
8276
5116
4991
5824
1071
10312
14893
7971
4734
5130
12573
12082
1583
9555
9119
6851
10891
13641
4528
6902
14781
13408
11229
833
9430
13901
13710
4137
11406
11951
8839
12636
12693
3847
4719
4872
7583
6395
9092
10268
7100
11769
1240
108
210
11935
6898
1916
7303
4313
12847
14901
6600
5021
1971
8031
13052
7142
7524
6646
14333
4013
11484
6938
8732
3409
14350
3328
10623
11017
14858
8119
2373
4802
1808
1871
12490
11870
547
8469
3263
8796
14912
10216
7801
4257
6602
4457
2188
11492
11844
11364
8049
4100
6823
9299
3110
11623
782
4399
7600
6648
8988
14084
4862
13324
11743
7686
3463
2135
13655
8051
11009
8223
2688
14726
12709
5143
2027
7775
10550
7810
9155
5718
8203
4976
4545
238
9124
10571
13326
10980
909
8149
8929
6072
9188
12337
9762
5547
13315
12097
13110
14470
8980
7440
2697
9090
9893
2362
5592
1375
12891
14611
12687
6257
5680
1908
11340
10267
12606
10349
8332
5849
1799
7668
1364
6609
8100
10662
12018
9850
8950
1710
6421
11874
6144
1323
2826
6125
4210
12806
9909
14777
14945
12192
5295
9389
5853
4585
694
5775
511
6318
3858
13180
12224
10151
5191
1844
1707
10323
2753
14034
8495
6097
215
8724
10407
13508
6334
9944
5949
5392
9396
8602
5762
14999
9481
6529
8080
8460
1492
12499
4842
775
13876
12422
13916
1577
484
7867
1208
14386
14110
1540
5826
6450
2166
7059
7946
1308
6256
9272
4985
14529
2761
6853
12210
5315
13745
14625
10239
11423
5002
7012
11049
508
672
13299
6977
4916
6169
10691
1982
6840
314
5053
13840
11588
12226
5248
1072
5570
7151
1612
10393
10798
2329
3272
6903
217
5072
9608
9225
4036
10951
4355
2519
11372
10423
1693
1489
6120
84
6975
461
2019
4455
1613
7415
10960
6791
1485
1125
10124
10947
12028
1958
8931
11996
2658
30
10308
773
13781
10664
9981
13248
12079
10572
8391
9179
13103
199
3381
5527
5639
5685
10809
1840
6906
2101
13347
14665
4831
14779
1121
6766
12077
4134
605
245
12996
8343
5402
14317
10399
13493
580
9688
8453
10981
10950
9385
1987
9422
4280
10570
10683
13803
10096
2491
9196
12818
4497
9242
9160
10070
1302
13999
5160
12086
11396
13118
8647
14854
4279
3154
4193
9808
2861
5426
9197
4352
4136
6710
11647
830
6070
3264
9692
6828
8835
11468
12807
1993
2080
10602
1259
8888
488
11247
1074
13794
8194
12357
5483
981
8949
12208
6763
12347
7245
3198
13501
8496
780
302
916
1777
651
7519
1930
6655
10008
14382
840
10283
9579
10995
14478
8123
3559
482
8525
12852
825
7546
431
9794
1440
6570
12826
4568
11782
2919
11108
12202
2284
8490
13375
748
4212
12142
2023
7419
5947
858
7162
53
11418
1580
4512
11121
14747
11493
1801
5714
10661
7641
8365
8725
666
7664
13153
1948
5803
1584
7741
10353
6034
9284
4915
2100
7393
3348
9888
2738
6376
284
12111
2858
3697
13998
5589
6033
3891
2213
3234
9215
11957
9251
14319
2154
13319
8120
6919
6816
13962
13275
14694
1534
5453
7628
14620
10929
5358
3491
14285
12721
8470
6531
10319
13877
12889
3916
4120
11793
1148
5387
254
320
10727
6864
13875
13784
3857
11130
298
12587
14337
9329
12070
8981
4905
10329
709
4801
3007
3786
6493
1856
13021
5169
8879
10479
11154
6830
4293
9253
8215
13589
11113
10426
6423
6134
12180
11673
8763
12890
5401
1591
10229
10913
10647
10552
8813
9379
14474
8361
14209
5042
2264
3350
14597
14992
13766
9237
12220
7811
9317
3105
4511
3172
12293
12670
1055
8174
3781
14940
11254
9127
12258
5872
4588
5833
11227
7868
14332
6580
14121
12710
6020
12440
4506
8709
4353
8990
4021
1675
12012
12550
1762
2999
13918
12578
9820
14239
13971
12113
6862
11578
14033
10217
603
10651
5585
7682
12263
10440
4787
11556
1191
7045
10506
4641
12445
12699
14907
3036
2094
12813
7514
13805
14149
10904
5821
14294
6041
8486
1714
776
2992
8984
3575
10678
11472
2066
6461
881
8543
6345
920
507
10859
1052
11234
4196
14579
4444
4893
5966
14232
10582
14512
5296
9241
6651
1568
687
13981
1788
8928
13900
4639
14715
12794
3779
4188
14461
13454
10713
3550
12993
811
9024
3553
9577
8075
6397
14707
6368
4611
5651
13449
12557
9541
10072
1245
13235
10583
3083
1967
12084
4503
13935
6249
10257
8474
11971
425
4275
14683
10848
6092
5147
9198
9961
8769
11449
7167
8110
1404
3769
12773
8035
3831
10732
10446
1030
9775
11275
2719
14135
9120
4944
712
7057
607
8716
9704
8982
1422
6820
8036
11457
11507
8281
1556
13782
14745
2904
12915
14578
10071
5356
9012
10188
7931
5766
11137
13735
11082
1508
7429
10758
2271
10863
7780
9868
6327
7310
10688
10288
3281
9677
118
7497
14767
5653
4414
13588
9249
13954
5596
1750
14358
10293
8017
8658
9378
2837
7276
11843
9606
6649
11719
11079
2956
10620
7988
8676
12159
7297
1209
9870
14523
219
13499
11415
6116
7430
6684
6758
14504
14406
4470
4548
12742
13880
1831
7180
8520
1976
14279
128
12325
7320
459
6016
9227
12389
3077
2712
13081
7914
1457
10736
6797
3188
11293
5187
10359
3708
7427
11450
4285
3894
12135
8338
9384
525
9205
10834
11970
10107
10223
1905
4897
12954
6018
11244
4559
9669
12025
8339
3204
9815
10366
10573
7978
13859
3546
7125
6247
13128
4169
7212
14646
12321
6912
4607
5757
5946
3868
5456
8131
10504
436
3382
4828
4472
11821
14166
2454
12922
4777
2817
3540
2892
12062
2771
7368
11189
1221
5659
13334
9375
1684
800
5092
6281
12419
7586
1073
1510
1590
13535
13919
336
9110
2660
8941
4647
1861
14456
6611
11405
11474
2452
1605
4952
8897
10251
7716
7222
11616
8164
14216
1680
7795
3170
7892
3605
3630
9560
3166
13246
4456
4864
1254
13755
10485
10297
11429
1374
11048
2328
5170
6332
8635
13646
3539
5615
10137
11188
13574
5829
5058
13023
10861
11259
5935
10596
14549
6405
1033
4077
12821
7617
12921
1429
5532
8044
9275
13821
4943
5549
3034
12797
10367
54
3517
6045
1697
7505
3978
11284
7977
10657
13912
542
231
1194
1450
2222
6987
6871
2987
1940
901
14758
11032
13616
5048
6429
8107
6759
6187
1567
6330
6220
8310
9600
12585
9009
6102
1327
10224
2764
9497
5724
12127
3476
1467
12802
12206
4295
7195
3840
1101
733
335
4340
14755
9216
2190
6606
10416
10489
6618
13227
11758
13206
14306
9318
1805
7173
13759
9950
7349
10933
6588
14359
1381
13562
13388
9791
4465
9649
6238
9170
9246
14203
13986
10031
4230
12613
4673
6108
14010
6277
14165
6142
14414
11605
7554
241
10974
11425
2795
13577
6331
5713
5790
12017
11526
13977
4791
13338
6542
3582
1009
274
8093
7534
11695
3666
8652
856
586
4362
14272
8710
2834
6661
10110
10640
14921
446
10872
2393
12121
5271
1001
7192
13778
6850
324
4005
11158
4586
521
5739
7963
3148
14131
9057
7899
3228
12958
14757
2211
6436
6132
2964
14969
5697
7893
14111
4093
2887
7325
8538
5861
7706
9364
2602
8572
5165
6737
3782
13428
8973
8730
960
7611
4783
887
8615
754
3576
3921
13376
6497
8393
13156
7538
14749
10749
9616
13603
6928
11841
7316
1558
13260
12405
6979
14941
8757
2546
12530
9512
9700
12970
14464
4204
12509
3922
11324
6927
2170
5921
11257
9687
4390
6857
2983
14396
6866
35
7694
10513
7444
6711
5405
6877
1571
2103
1786
2391
8408
14004
13074
6622
6403
5975
5944
4361
14846
14914
10805
12387
3386
5984
5286
3914
7752
4701
9245
313
5990
4031
10819
8105
13168
8900
618
205
4480
9189
13997
4636
9060
10649
12436
10586
8610
12722
6360
6854
10896
6049
5180
2247
8659
4241
9421
12108
12808
3674
2487
12638
8866
7086
11218
202
3619
1082
13536
7035
2854
14956
5509
1792
7687
12095
14840
11373
4017
14022
2404
6251
5394
6085
13862
2879
4033
1289
14880
4708
3257
10131
7249
14966
7108
4743
986
860
9966
13865
8603
11593
4336
9313
12410
209
3503
6258
9562
13585
13984
8632
7410
36
10033
8411
42
13002
13741
273
9900
12967
11347
11500
8040
10272
2357
12740
4642
5185
5422
2897
13737
5698
9453
3218
673
5003
14282
13
3135
12152
7621
14535
13502
11915
11892
5006
11562
2899
12334
785
899
5845
7455
8863
5247
11177
11444
8903
9019
6164
5951
1676
5842
7063
13054
14988
13027
5351
1294
13792
3533
1670
12881
6248
4088
3111
3700
12621
7740
1685
14228
7002
7062
5366
11800
7235
10816
3962
12155
14927
3219
2244
6762
2411
5268
6114
10588
11728
6449
2332
2741
4883
4166
12235
266
2875
12131
7820
11056
12061
5599
5032
3989
533
864
5071
408
8691
4762
9158
3534
2063
821
14666
13791
6994
7335
12714
11538
2860
13431
14847
2410
3639
8589
456
11330
11176
12909
5684
7866
3155
5897
5638
11502
12147
4700
13929
7370
638
12679
10336
936
14226
4476
5644
3087
1991
10747
13967
11988
10101
10997
6546
2847
8328
2967
12255
3486
8970
6899
12310
11477
12267
5915
3748
4749
7472
7481
4090
4245
13051
10088
671
7452
9834
10132
2422
1162
11251
11860
4064
6185
1764
8321
12880
12498
359
1664
7230
11679
10404
3774
4554
2137
3669
5893
8236
2948
4745
10526
9891
1312
3549
7562
10028
6642
889
11580
9308
366
12029
7630
7018
611
14842
12161
7944
4811
11652
7918
1561
14908
14522
7647
3949
3567
4685
13953
13183
8521
2949
4838
9154
8098
3889
10643
9575
4998
9543
9445
5364
7812
13238
14145
3043
7928
1565
182
289
3385
662
10171
14157
11146
6392
8400
8887
1627
815
249
11717
12523
4217
10410
12054
2104
14391
8933
5891
6199
9168
1519
9582
13790
3290
11100
3861
13269
3129
8673
11804
10167
1269
24
9506
2585
8914
2062
5993
3883
3031
1887
11558
13194
14559
3837
12322
14954
13225
9894
5036
938
5969
3485
5687
14774
6469
2749
12228
2398
6879
7625
12870
9982
13306
13130
9588
11024
12862
3801
10005
453
2047
13990
6562
9557
8500
10742
10383
13628
6369
1304
4928
5316
14369
6680
13331
5988
7689
3566
7945
6015
4146
1012
11634
1471
9945
6350
6338
2281
4349
7980
13141
7070
6087
13122
9064
5307
9394
14634
12481
2255
12237
12297
1358
4429
7850
9599
4665
10559
14248
10471
1478
5189
8308
3631
9357
13039
1138
5488
7709
10925
3650
4388
4324
7634
11952
4879
8055
13752
8350
11579
10155
10337
5457
8447
13695
10085
10432
5624
1841
12766
14809
8313
1747
14440
13213
3633
13605
14822
2160
10681
12974
9566
10111
4101
1306
10228
3601
9943
10883
2108
3472
1043
7947
9977
6627
5863
4957
6124
13661
5704
9518
6708
8726
13380
6227
4993
6911
399
8560
14423
14393
7872
11388
11966
5989
1973
1128
2232
8516
9672
980
7092
1333
1996
10982
14445
9465
1464
7907
439
11514
4331
6079
12713
4826
4732
1775
13001
8768
9144
12591
3300
4770
13688
2840
7937
8152
10790
14740
8059
6652
6442
11827
13088
5009
10739
14619
6202
12318
1160
685
2389
4561
598
1574
11501
3740
3511
7414
12004
9169
1751
11648
8759
10200
4448
11380
13828
8653
13773
835
600
7701
861
11281
8807
866
8006
6377
5344
3436
14170
12990
8695
2446
8331
11632
5870
6289
8192
3655
6269
3298
12277
11982
3588
1024
9578
7728
9782
6638
8608
5797
9025
4462
0
93
1855
14923
13612
1959
4125
13726
4854
14916
3162
4130
13090
5632
120
2530
895
4317
4823
7711
14924
2655
13686
14188
1408
9942
5057
7670
12352
414
6803
5818
13161
1126
14017
325
7118
14091
1539
353
5264
4693
8920
10406
9366
4300
2061
4591
5334
6226
13075
13952
619
1202
330
8678
14447
10194
7985
12894
3714
3929
4989
293
4047
2601
14381
9264
10865
7828
2841
1839
1441
6162
3044
3433
3522
6760
10600
13152
14274
7602
3913
4937
3986
2698
14455
14630
9682
1186
11641
2150
2350
14305
12229
9547
3834
12799
852
4797
7956
2641
12746
5037
10452
14706
634
13694
11790
3643
2752
12950
12449
6860
2648
3695
13175
2003
14490
1789
13364
4765
13101
9406
4793
7834
14173
12678
10054
3497
11217
4304
8077
5636
2298
8556
6064
9836
2140
528
9920
2791
2963
5920
14687
728
9176
14929
14088
198
4068
4904
11042
6964
2567
10532
12910
14006
2189
12624
4431
8841
1918
2889
5270
11397
1965
3607
1874
9786
6972
1848
14191
13258
7859
11132
14531
11953
3544
12350
3021
14510
7719
161
8880
13651
8604
4649
1794
7150
636
10050
9106
13451
12031
3103
2183
1718
11424
2125
5895
6559
11914
11803
5816
4265
6207
5155
7046
7764
615
4319
12960
8012
6748
9400
5349
7461
13263
14356
8701
5964
4376
6643
3431
2230
14519
560
7957
10045
95
5062
9573
855
1093
8852
6149
11665
13146
4550
433
1748
9452
4669
5705
8531
10321
4287
7257
7219
8161
7897
6
6741
13452
12987
13207
4861
14154
9059
5447
10160
13028
342
6184
2144
11430
12037
12143
3072
6723
12656
6876
7307
7010
4629
8548
4458
7284
11069
1042
4332
11889
1575
12935
10818
578
3237
12651
11479
13975
5536
9323
5908
14235
2476
11521
1743
10075
1433
13963
1079
1354
13345
8272
2952
2448
5866
4754
11877
5807
9697
11727
4438
9631
1845
1390
8891
2142
3347
4813
1600
8558
10864
8596
8524
12588
291
12328
7662
2456
5601
9741
2009
3461
10769
12831
4499
1005
8865
5301
6859
14079
2033
2612
5172
6024
2605
1406
7669
6881
4703
7104
6028
3736
13488
11709
6640
9441
10726
9493
3462
9525
1336
8452
8159
1129
5608
13699
13526
1318
13395
3357
14802
11738
10522
5109
12145
8243
4706
9047
10517
14267
12732
14378
4094
2515
2205
8573
13357
11333
1331
5246
12829
10547
5154
9795
3220
4705
6533
13636
3570
2450
13247
3751
14060
8877
6233
13162
13578
6083
277
8478
9698
13257
14697
10041
13528
1446
693
10556
14542
9459
2153
8747
12512
13491
3340
1852
8177
6632
14859
6183
6901
9828
11116
7254
2629
11864
5587
3685
14853
7624
13973
418
5104
10529
11260
5026
4298
1351
9503
12969
14913
14637
10800
8644
281
5239
8504
1389
4248
9663
2146
3261
9903
8437
14980
5611
1347
11331
321
9096
4032
2584
4073
12830
11021
91
12660
9584
1654
7327
677
8799
5903
123
83
7663
5336
6032
4128
11961
11094
2582
1237
660
12428
3777
13072
9183
1626
1278
13471
8311
14986
3855
4788
8440
9984
4691
4605
12174
2048
14671
11476
8241
6057
10281
3767
7979
1453
5910
2138
8819
2679
7648
7643
11053
10561
10658
9173
458
4880
14453
613
5505
4580
493
4346
9029
1283
7936
13902
3267
8284
2300
6880
1897
1957
13296
7831
4207
8033
10537
8413
10373
2527
13647
11851
10898
11465
7615
5219
5031
3330
12141
3245
6155
6885
3181
6990
5004
11620
3918
299
13708
9235
822
1363
2950
13703
11353
5694
6150
3098
1910
12124
3871
5904
10147
9388
3959
12506
11271
5799
8528
11828
4240
9462
4680
7802
4231
10724
594
3099
13344
2555
8102
14651
12377
7999
5411
13700
10182
10427
3867
5922
13468
6983
1781
4948
4086
11768
5399
1425
1280
4805
14801
14059
9821
7792
14820
7857
5827
1014
13864
4727
6236
5029
12273
3791
12165
1218
1365
9247
4057
10687
12264
10730
2148
14260
7842
14521
2510
8153
212
11266
11083
1621
12305
6503
6175
11195
3756
5045
13658
12749
1488
13870
9532
12254
4666
8979
164
11932
1914
1760
9140
1740
10528
13279
11541
4226
10004
4924
13426
5448
12011
653
4307
2575
10682
12694
10214
137
2263
9091
3594
4978
6005
9798
449
8687
11540
9552
14422
6383
10689
9480
2434
4867
14551
14527
10411
10174
13602
10068
4471
11065
13679
3705
2418
6701
3114
14751
1282
5732
2282
126
3996
1602
2203
8016
9666
6639
13763
1317
14623
11857
13131
12002
9852
749
2707
10808
4509
14676
7112
7022
10636
3788
4338
490
1214
1026
5673
5084
5014
14290
11448
7396
12697
172
2622
13891
7912
4994
11816
13068
11286
2722
5184
10463
7291
10720
3565
4343
14413
4640
14926
12959
645
136
6688
13173
1572
805
9643
11185
8484
8269
3150
5734
14058
2850
5069
9492
10803
1027
2673
13450
11739
10905
5977
11815
8438
4902
592
8229
11346
937
5159
2947
13748
1120
10672
10291
13389
9159
4439
6773
8252
11107
6954
8477
13211
6026
3383
3325
7283
387
13119
6955
10909
4489
768
9031
9483
2143
4596
7723
14457
346
654
5496
5810
14613
9180
5340
4901
5136
5725
4380
9305
1857
2995
11169
100
4109
337
5278
9554
5370
14194
11891
11219
6904
9087
2848
576
6824
4206
72
4113
3506
5784
1582
5389
12903
5418
8302
7769
11490
5100
11332
1018
3101
5749
3038
13512
7620
5065
5280
14850
9999
1995
1417
3885
9107
10694
12586
616
12373
2492
4820
10906
1435
729
5105
4360
14700
4366
13019
11912
11419
5572
2553
4603
2711
11813
4089
11427
11569
13390
5635
11143
7355
11822
9725
11678
5515
13404
10060
8015
1542
12929
5854
8853
7391
2134
5455
1059
12052
9414
6011
5978
7967
4627
4246
10635
7408
7558
9314
5631
5761
8125
3568
13022
290
2647
4684
12244
7845
8720
8550
7579
3819
7251
12261
8804
3887
9878
203
13621
896
3081
11379
14995
12327
725
11129
9567
5235
7878
5218
11256
14224
12652
3580
6923
8436
2657
14243
13312
10128
5758
11927
10299
5131
1239
12519
3888
13371
1305
1225
13635
9971
7761
1817
2458
12219
7373
10829
4398
1217
10116
2590
13133
11305
11918
10844
4430
10900
7708
9703
3637
8674
7011
7993
11830
1543
9040
11725
9958
7639
5347
5906
3354
3516
6001
10138
11308
10152
7587
5150
2365
9504
11508
13189
7629
9686
7623
10853
4704
10164
571
168
1107
7874
13226
665
13985
3067
3759
5751
992
13274
5805
4243
8987
11592
8952
2209
13609
6897
14438
13921
948
6293
4234
3882
12473
5890
6106
14975
5806
4375
3734
8208
2941
1130
9435
8366
13861
10486
14793
12349
13676
7190
8748
10247
14635
6668
9203
13592
13234
12483
8312
400
2098
1880
2383
9601
14800
4657
475
1230
1712
14367
538
8156
13974
1332
3859
2030
154
5439
14234
2661
6115
1609
4533
4799
4613
13733
12633
6869
1451
12187
4962
12800
12448
13127
6764
9813
14810
1491
9807
4785
1038
9683
5831
9721
6351
11930
11366
8753
7258
6366
7457
10673
4034
3346
7344
1573
5531
7466
6385
9017
5934
9084
9516
3469
8390
6856
13382
145
10201
3471
190
6263
11734
9312
2480
13132
4435
6776
10595
10238
2539
4694
4863
4599
11461
14598
2336
9880
7238
14731
13907
8723
14024
5221
1785
11783
6470
12463
2119
9624
774
12580
7080
11723
8811
11631
1537
13915
2728
5013
10516
2516
1953
522
2045
1834
943
6343
5504
3416
10780
259
3727
8443
1378
6996
10729
2823
1145
14182
2026
3418
14575
6961
1978
11081
13084
2796
14204
9831
12655
12822
3552
10564
9460
14511
5369
1227
12116
8739
11550
1015
11944
9243
2955
4160
14935
10937
6658
9937
11133
4337
10659
11057
7193
3904
955
14321
13565
3839
445
10420
2593
871
7585
9420
982
12546
8181
13289
1311
3531
8129
2254
7797
7143
577
2885
14724
12986
4184
11878
5193
3909
10535
10024
7248
9233
3023
5467
2067
10302
14787
38
627
3186
2392
12276
2437
1401
7034
4191
14400
11014
513
13069
5022
11916
11905
12104
1505
3908
7616
8822
2918
14409
1773
8349
12378
5043
12482
8456
13261
13014
5546
9429
10541
12770
7829
12446
1479
5095
2508
8307
6921
4460
11473
10455
2304
3507
11007
14240
11086
13060
5534
6386
7233
11309
2735
11545
4766
8532
12997
9719
9018
8056
8297
12771
13886
10791
7480
6349
6147
8740
2151
11323
119
5373
13264
10429
8628
2226
113
3638
7966
520
5513
14857
2186
13660
7412
6607
4869
12991
11759
12223
5461
8146
14077
7311
14
9550
14584
6544
2307
8294
9969
2988
3508
9428
10317
8606
14911
12900
14001
13551
6937
14734
8327
8809
5672
6696
10061
380
33
9411
10775
7122
8475
4814
8199
6778
3928
216
12185
10108
6733
4437
13685
8363
12874
11463
9418
8
13453
13995
7357
11946
1595
8646
3251
10439
610
14555
13762
10902
7786
14415
6458
4888
12364
5285
3019
11978
7915
6109
9191
9111
6434
3624
6193
1445
282
8283
8675
5215
11598
6489
3991
7747
11400
6590
1678
8296
10978
2390
5660
5141
40
3197
14617
10030
12542
13520
13795
6524
11805
13571
756
6282
3428
8527
3824
3723
1147
5474
14108
6023
3176
554
6182
10384
14466
8430
11368
14873
10032
4690
502
5777
11887
10047
6197
12819
6812
7390
9563
640
4816
9277
9477
6425
1669
3768
7346
11577
13788
11801
814
2351
4087
11885
13546
3783
14550
14467
5494
11650
10676
771
159
8922
14925
11748
6194
4453
2121
6160
14791
3074
7293
195
3821
1943
7884
4531
11788
3076
10566
10641
12531
3856
8626
3379
13192
8483
14905
10949
9976
7849
144
8230
7216
2643
828
13938
6128
834
13195
7673
2453
3899
147
6346
9957
6066
7806
3025
14569
2031
14554
4483
11237
7338
2893
2243
2498
6052
3946
3408
6246
10523
13810
7061
14429
5641
12849
14622
683
10671
480
10882
12769
8967
14723
13108
8066
2018
6601
10397
1744
2258
3884
11072
708
5832
1672
14068
1373
12394
4348
6528
7354
14407
3299
13063
2700
99
4440
6378
7905
3046
10969
7974
14686
4648
2149
12978
7369
6359
12834
2909
10551
8245
4980
2969
8423
13322
194
11118
4252
11591
2544
9287
6362
13040
7783
8043
6554
9146
5576
14160
4189
3254
9510
13305
8414
396
6468
10787
8405
2843
6252
3950
9991
2634
1104
1452
2804
14684
1673
8425
9526
5290
5876
3124
14072
13012
7300
686
187
2777
646
11011
655
381
14816
5558
536
10855
6671
8466
7578
3964
2993
8827
3980
14691
10465
7737
22
14764
732
3319
4327
10574
2680
2112
14487
6922
8099
2118
14655
341
14040
12007
13191
13533
8750
12319
4923
2759
4225
5254
7274
12618
8969
14346
1538
5759
4233
1829
1585
10106
26
2694
8940
1974
11948
8770
1819
13421
1709
32
7232
13042
13882
8781
9042
5382
512
11745
13083
13460
10957
14159
10310
7250
13713
46
5330
13497
1994
5407
11692
13506
4254
519
8180
14178
549
2935
11965
12196
8270
14866
932
228
1629
1060
837
7446
12663
114
8410
7350
9630
6770
9901
10390
12676
1966
9041
9331
12044
14837
5108
8564
1257
12861
3027
4099
7541
13222
2293
743
8989
4871
12093
14674
4569
5345
9201
5717
6145
13543
7644
14804
13841
11781
12928
5420
9921
9072
297
5528
6539
1011
5442
10601
5082
6275
2040
13771
8787
1870
8158
7896
2914
1689
14233
9542
4895
2034
2012
5985
3663
690
2347
4683
5245
8953
12283
8503
10234
9075
8292
4971
7782
11741
6950
723
8085
7168
10987
8579
6159
2562
8717
14825
233
4074
6506
7606
4806
5279
7799
10520
6117
8211
10594
12675
14827
12549
13422
11059
9876
9667
385
10885
9346
7575
2872
3003
8912
7548
2445
4956
10507
12038
9427
4442
2236
10887
4733
6254
4917
946
9022
14049
5711
9809
5537
11607
14201
1357
13727
2081
7638
2876
9395
6693
793
2420
10360
12856
8630
4153
12119
11470
4723
9123
5430
3050
12716
6406
8668
545
10055
12066
2645
5174
9354
1164
5008
14984
10187
5802
3640
2891
14567
8557
4244
10893
2958
2463
9457
13789
2495
1922
13740
11046
8651
11962
9498
13579
13643
10103
7652
4981
669
6666
13712
13675
2037
3670
3422
12212
8027
12451
1019
3056
13619
7934
5236
7690
11294
4339
2574
11661
8600
13082
2339
7981
1526
9860
553
10592
1346
5769
13244
12252
13424
4403
9083
167
4322
3365
3370
12371
3595
7256
10121
14372
5332
13259
4011
2717
12739
10408
11435
3139
12728
8250
5782
2768
14343
12282
882
4020
9972
4688
7075
6300
503
12032
9145
13201
11157
5628
107
13879
7633
338
1086
5179
5825
10503
3696
6932
11852
13432
7304
11199
14950
566
7553
1163
632
3679
11238
2416
6013
1851
13346
4628
4484
7776
13467
5274
544
10172
12221
2869
14433
5126
14566
4578
2571
9733
7651
7573
10204
1802
8728
3555
2568
12607
12583
7432
3201
918
2604
5017
7259
8650
777
1630
2184
2760
11943
1380
6099
9172
9103
9368
12567
914
9641
9238
4653
13522
6507
11460
969
13725
14284
11180
2581
9085
8142
10558
4132
10959
9244
10225
13761
4045
12076
6068
2779
3499
3080
2671
12951
14483
2683
13445
1472
5847
1144
10814
9576
9716
9701
8924
1850
1934
226
9200
9788
4784
657
7700
4920
10087
10610
4794
5523
8009
14864
3443
5675
5175
11929
5000
3984
3412
2690
9812
4984
6195
3906
13769
4502
14151
1139
1679
14771
15
5779
9989
942
9142
2620
7208
9925
8508
1379
9482
7328
907
3430
10581
12724
2751
6025
4890
14283
2147
2940
7949
4002
12114
12474
14773
10169
3758
667
5383
5386
75
1705
4853
8333
734
2088
5809
14206
7953
2835
12796
10294
2856
6647
5178
6163
888
8205
5313
13657
1462
9738
1040
11586
13732
1197
2670
12953
3165
1875
9932
12576
7649
947
14962
3800
1952
12059
783
6355
6443
790
1719
849
7992
13185
13927
1783
13174
4267
13223
4119
3097
4084
9068
8894
5188
6817
1821
3827
5716
13446
2400
12559
3762
13112
2405
8523
3066
1007
9175
1700
3610
7028
10670
6834
13970
3006
1424
13365
6060
10240
11235
9416
8622
6304
4163
5325
1745
8138
14395
2117
7296
930
13113
3973
7919
14852
5744
3860
5220
8465
451
711
3403
12513
4079
12215
11445
14599
191
10990
10184
4960
10285
12092
3306
6704
7116
13824
8112
14331
8249
13327
6605
4341
10454
2800
7117
8778
5645
12470
9633
7592
1149
2623
13214
14184
4959
2755
13038
7610
12151
13335
1324
3417
5937
410
11139
14725
12033
3474
7087
2124
957
1715
12988
9749
760
14987
2248
13633
4803
4009
14583
13779
1154
11610
8471
6053
6967
13291
7772
5764
5400
6485
13558
13941
8237
6475
2235
13405
13029
4522
9194
2466
5443
13265
3613
3869
13374
14302
11258
1105
2783
14098
4507
7384
11644
11147
250
10065
5569
2558
9303
13933
9289
5627
1513
14334
14148
5972
10020
6432
196
7281
9320
5709
9397
11300
11186
11604
12034
2525
1827
395
