1056
1665
1313
1476
1581
1679
1704
475
86
2106
541
488
632
2144
1207
930
1454
419
796
103
2134
1756
833
2014
1529
1543
705
1420
1174
1570
1046
1850
773
1615
1106
1128
1717
403
82
1188
1607
38
1602
1586
1696
1022
1281
880
1661
577
1204
1968
444
1715
49
1280
67
1973
921
1976
1016
527
1935
1430
1149
1719
1743
1996
222
1059
451
2117
854
797
1707
1058
1403
1698
757
1787
795
1065
544
1169
785
2015
1951
1484
976
494
1034
29
568
844
1404
391
131
423
1061
446
208
961
376
2009
87
1050
157
1974
1045
1981
1716
1798
748
1385
1561
1522
770
1099
199
749
162
499
585
179
1656
2073
336
140
1772
1448
1114
248
95
502
2133
1705
885
1767
384
2108
1942
244
1005
857
469
416
630
424
167
1295
1146
877
2048
1814
1491
1988
666
958
255
318
1802
396
1944
988
645
2143
1654
1881
30
733
501
746
1589
628
1932
2154
1173
301
1394
581
261
905
940
525
1081
1043
1749
1672
883
2030
1671
440
468
375
450
1803
39
1083
759
349
1637
295
1512
1466
521
1025
1894
934
516
430
331
874
638
710
1983
1110
1331
1870
2083
1780
1292
979
211
1815
1986
166
323
99
2114
1450
1189
352
1938
559
1821
1130
1479
1413
794
1373
1014
765
406
2063
2044
772
1085
1611
517
339
273
2119
1243
1620
918
526
1739
549
685
1521
1807
1162
239
1998
734
1202
25
1625
1818
73
1359
641
1269
1360
1369
768
1800
17
1904
1018
1170
754
1928
288
903
2056
2137
1587
743
15
1084
90
1832
2041
69
385
198
493
1203
1329
1303
1012
1133
1179
2077
1066
893
1860
303
865
286
1192
268
174
956
431
36
2066
1982
1784
299
1285
1813
1908
650
1490
1327
1734
1783
84
1634
2025
1418
2094
838
1224
1296
1509
1078
778
104
1132
2129
1504
456
506
1622
1921
2145
1004
562
875
1591
1436
1052
405
788
1098
1931
1229
1326
126
1819
171
779
718
1641
1152
452
2127
314
1311
1446
1449
387
1566
1583
454
2002
2016
863
267
1614
2018
1534
1688
1831
1930
1175
756
1497
2043
147
204
1235
1618
726
665
1867
1541
914
2023
31
319
881
1628
346
242
1638
1940
1214
2038
1493
2040
1387
321
235
894
547
1683
322
1616
714
646
548
1549
1398
1234
1263
553
974
955
1837
775
1029
1678
1833
1266
1067
1626
1967
886
380
1462
79
1171
428
1610
1237
1945
1348
742
1520
1150
677
514
1416
383
1667
241
690
2057
18
712
363
1856
1388
774
1768
311
85
159
158
1465
474
1817
91
1134
981
23
372
834
557
2089
1167
1648
1390
1172
366
729
1887
1975
967
9
490
1506
639
1606
2103
741
484
583
566
355
629
1883
170
1042
1195
1013
998
648
2037
829
1500
1419
1941
924
100
1796
1964
816
528
1475
1865
1799
426
1233
1075
1087
1407
1180
1911
2141
719
386
0
176
2147
1507
1919
964
1352
1260
2086
1131
56
1923
744
508
1054
489
986
310
1980
876
1489
173
1893
2032
1578
1340
1198
118
94
284
455
1118
156
584
398
411
1333
1862
668
146
178
1836
1185
316
1119
2080
233
1600
2067
237
1007
300
760
1121
2021
1760
141
1148
278
567
40
200
1585
1138
1242
1335
1774
812
240
1120
607
227
2126
26
601
2060
1262
827
846
1481
394
356
202
800
701
1554
1354
1108
984
732
373
1245
635
481
120
52
1246
1590
1933
1505
1568
2008
1702
560
1467
804
1546
1458
644
80
724
32
1824
1001
1321
1055
707
1843
1223
410
1417
973
205
1
59
925
860
618
2081
574
518
473
1337
594
2076
1391
1513
1079
7
2017
96
55
1791
154
534
599
1761
1031
1091
660
1286
569
1873
213
698
1453
338
1584
1358
1647
1164
1797
1582
1457
110
689
529
1393
887
1140
1124
340
727
1113
1122
139
1384
1916
1713
343
923
1287
1775
160
2020
270
1718
41
1431
43
1765
970
602
188
1027
692
1508
1834
437
1598
1299
1410
11
123
1274
2011
782
524
1293
609
963
1949
1991
2135
590
1071
1064
1306
550
1985
1159
2112
1166
252
467
2116
441
1092
76
1658
822
1633
805
432
1936
1948
497
704
1464
740
563
1596
1538
471
1943
576
1535
771
1265
1328
62
1681
1350
2097
1346
626
1752
13
210
1125
1428
1918
305
1077
2101
1284
1577
633
111
1646
1993
397
132
723
1627
294
2138
1623
1129
1912
539
307
987
2054
1441
1957
407
1142
1530
195
824
1268
879
1631
1826
101
1194
654
968
696
135
780
460
2003
1076
1888
503
1709
1882
434
1737
1343
1690
850
1086
369
731
329
2000
187
2130
2046
1754
181
596
2001
1635
2047
947
1355
1914
1961
842
1392
538
1694
1853
492
1469
350
531
1088
966
1790
2022
725
137
1380
680
442
1668
985
954
888
2042
2109
910
512
552
1342
2078
250
1841
61
662
1345
1474
674
600
1659
370
393
661
1010
1997
610
485
1571
1094
1302
1451
1041
1710
684
1849
218
2120
1748
183
832
1485
1810
1693
715
1440
1680
1468
1851
1899
2111
1795
1766
747
898
960
1477
390
579
1383
1650
1848
293
1445
1238
1060
1250
586
1216
402
88
60
1724
1701
1163
106
2065
1363
1593
938
1915
57
1816
825
2128
1444
165
904
978
2005
603
1897
2110
1044
124
180
1256
608
1989
1532
1573
302
753
996
946
1047
1750
871
1890
1151
721
1755
142
65
412
907
1184
937
1347
1592
755
693
194
1875
826
565
127
1264
260
1305
935
942
1877
42
409
808
1197
1872
2031
281
151
2019
1222
10
1523
1820
790
1769
1822
977
480
1439
378
325
862
313
1576
1846
1423
873
716
908
447
1068
1093
297
909
1053
2113
148
595
1685
229
359
1994
279
694
1624
1721
1191
191
927
605
1017
1199
1123
1425
1662
1644
1320
217
1190
866
1211
408
149
2136
2010
1072
1804
1057
915
1958
523
636
798
2118
256
624
1649
243
642
145
878
1531
2125
1845
4
1137
622
1827
1181
81
1176
2062
1486
1024
1365
809
1213
1144
949
1956
2149
1115
368
1218
933
1900
1682
803
1969
691
1910
1892
593
820
1496
706
1960
280
28
682
1874
1905
673
708
332
2013
530
1953
1906
335
1312
1300
1954
337
1924
1781
758
1929
193
1259
864
767
1104
1574
2058
21
1310
819
1023
667
1580
922
944
2102
1751
257
551
519
24
238
206
869
1842
388
182
505
1074
116
588
793
214
1492
1279
884
1153
472
234
802
1021
113
189
1963
2071
1722
761
1157
762
1674
6
22
448
5
558
2122
357
74
1379
1209
1878
848
991
1433
1677
656
1282
891
1049
1564
1640
215
1652
2049
283
2045
664
631
1736
1236
1155
247
201
1868
312
1655
835
852
33
799
1298
1597
604
1314
365
971
19
153
1548
1884
114
1208
1653
2068
2085
1370
1415
1792
371
1907
1483
1738
738
2039
1854
1515
2026
51
728
1206
1525
1726
1386
374
735
669
1858
1442
807
130
1126
1779
1240
1411
1139
1901
1990
1594
1147
75
929
1706
2007
1277
843
306
68
623
1426
382
1526
1895
1341
687
941
849
291
2024
1524
231
1480
1362
990
1254
1909
1135
1317
611
264
1857
289
34
1275
1971
570
589
1758
361
177
1764
1723
993
1253
1801
2104
745
1840
1745
1913
1396
962
1186
561
138
1657
546
1376
1051
1643
108
1273
1102
1630
425
686
545
249
1248
2124
787
615
1367
1225
1429
1381
459
64
1992
1427
1572
700
152
44
953
1063
1537
2036
786
219
1952
994
196
1782
2004
1808
1621
2090
14
1408
1977
1318
309
1161
98
556
861
671
709
784
592
1364
93
66
420
1035
1547
1861
614
1692
1675
1168
776
917
1871
20
555
429
637
254
1145
161
532
364
1830
817
858
1011
70
1684
1613
1770
681
354
476
2151
1939
801
1037
659
1409
1793
1316
1934
1255
1443
277
1695
1289
1165
1308
225
175
107
1097
2029
1452
1323
1959
1714
1922
901
840
678
676
1788
465
53
1116
35
1315
1377
2096
1297
1366
1970
1519
982
902
510
1885
1604
1136
274
184
606
1090
533
1405
134
899
1371
3
999
2139
16
478
1082
334
1488
911
2028
612
1876
543
1402
2082
504
931
117
975
1903
422
1686
1040
1612
1828
1545
1777
1109
983
1728
737
1763
1599
1278
1789
1080
783
573
1217
1461
1835
1812
1228
221
1073
1291
936
1000
1006
2105
2132
1516
722
230
1965
1609
436
1200
2084
1095
912
764
1271
1210
287
1494
1156
400
77
1542
439
1389
2006
1456
1258
1829
1544
1319
554
1301
345
298
535
1762
1896
1154
125
2152
965
362
1472
2087
45
1495
1778
867
620
353
1432
913
1844
1632
522
515
1251
906
479
282
1785
155
2123
2088
1307
1697
989
769
831
466
119
344
367
821
1811
2012
928
392
1651
1069
1553
2100
203
1699
823
1463
2092
752
1925
360
1588
2091
89
1374
418
495
483
1003
1026
1008
2115
413
1560
1735
625
72
2079
1732
1048
1947
1972
122
404
348
395
1375
1219
1518
1866
2050
143
932
542
1257
948
164
1852
2
1527
292
1438
926
1019
789
1502
1182
1855
1669
1536
1629
121
482
1020
1720
1478
818
326
657
1711
997
1205
129
1869
1642
1105
1551
957
197
751
1368
1267
619
1999
575
276
695
1221
232
50
1687
870
1978
1742
358
511
48
1471
1372
1805
296
486
133
259
1270
634
582
1733
1757
327
2072
461
435
1498
1806
1579
1786
540
275
847
1033
1276
1196
814
730
1902
945
1950
347
262
1601
1249
1608
856
1670
892
509
272
1378
781
1230
445
995
972
1595
578
1563
702
1330
2095
2069
1898
1740
651
1101
882
670
792
496
1645
853
1100
1555
464
1226
811
1304
688
1666
1117
855
1825
220
703
1708
1322
1414
1030
1357
46
969
2052
1514
1557
791
2070
1241
1332
12
1552
258
1689
1201
1823
1747
477
163
263
1617
916
491
950
1400
1501
470
1459
643
1406
324
415
580
1703
169
1070
83
1261
1361
836
621
1776
2140
1382
128
720
1455
1351
1212
943
647
216
168
1995
777
1517
1111
1421
414
449
992
1499
1107
1565
895
1344
1015
889
185
1422
598
1559
63
1470
717
1966
2099
597
1460
1247
2035
1127
228
2075
1759
172
236
513
851
980
1158
1487
1399
54
285
377
1356
401
1272
1864
1038
1028
1437
1252
2059
207
679
389
308
421
1503
1231
1605
1926
920
2064
498
1730
2061
1177
304
1002
613
1089
1528
1937
333
144
616
1334
8
653
1575
2093
1562
1112
571
1839
192
841
379
1746
1879
1183
1859
1215
900
1244
896
71
1232
271
537
1619
1979
1510
290
828
655
1673
683
1729
1447
815
1143
2107
209
897
224
1567
1664
245
652
433
2098
109
1639
2051
92
47
1731
1349
1691
102
2142
1473
1663
112
1712
1984
1227
315
1424
1412
675
320
1324
27
750
1727
78
837
1987
351
2153
1397
1863
463
2074
2148
328
2055
1178
587
1339
1809
839
1141
453
457
443
697
859
1771
830
1540
890
699
330
1283
1753
266
1401
269
872
341
115
919
500
649
317
1511
1539
763
1838
1955
658
1193
1569
2150
1889
1880
462
1927
381
627
251
952
1395
1039
427
438
1062
617
37
1338
1744
487
711
713
1239
1636
1482
1032
736
1187
1336
739
1556
253
2053
507
136
591
458
1700
150
1550
1325
1009
1962
1036
1533
1558
212
226
1794
97
572
1603
806
1920
939
2027
1891
58
223
564
1096
951
2146
1309
868
1946
663
520
536
640
1847
399
1288
1103
2033
813
766
1773
1886
1290
1353
342
2034
246
105
1435
1294
845
1160
2131
1434
1725
190
672
186
810
959
2121
417
1741
1676
1660
1917
1220
265
